0 929
1 39
2 -303
3 -763
4 -247
5 701
6 148
7 620
8 -123
9 -537
10 -614
11 -643
12 631
13 -807
14 -503
15 957
16 247
17 -304
18 14
19 -698
20 -288
21 -737
22 7
23 -199
24 190
25 -300
26 -839
27 44
28 395
29 978
30 673
31 -520
32 -436
33 301
34 -888
35 900
36 331
37 473
38 -309
39 783
40 -342
41 123
42 96
43 239
44 505
45 619
46 360
47 -968
48 -266
49 -782
50 -414
51 338
52 431
53 805
54 -397
55 -996
56 -893
57 -568
58 -358
59 652
60 -186
61 -152
62 814
63 -21
64 802
65 463
66 999
67 439
68 430
69 893
70 764
71 -829
72 -105
73 -715
74 876
75 507
76 684
77 408
78 -347
79 977
80 314
81 -481
82 -675
83 -891
84 -751
85 -344
86 -965
87 428
88 14
89 354
90 906
91 -803
92 576
93 117
94 -927
95 146
96 797
97 402
98 483
99 695
100 123
101 -178
102 377
103 -820
104 -540
105 -613
106 680
107 -39
108 578
109 677
110 -776
111 471
112 -286
113 -403
114 -869
115 33
116 -752
117 655
118 536
119 -908
120 924
121 768
122 497
123 -65
124 -563
125 30
126 -461
127 -412
128 -523
129 921
130 518
131 -62
132 885
133 426
134 69
135 10
136 -6
137 -521
138 459
139 -862
140 674
141 763
142 -694
143 -121
144 -431
145 170
146 -428
147 644
148 -751
149 -25
150 406
151 -730
152 674
153 271
154 724
155 -727
156 -9
157 -893
158 877
159 519
160 -754
161 -101
162 -853
163 989
164 723
165 388
166 -165
167 -640
168 -601
169 -384
170 -711
171 816
172 -24
173 246
174 159
175 -894
176 825
177 -286
178 857
179 846
180 -198
181 55
182 169
183 651
184 -407
185 630
186 -134
187 -895
188 69
189 417
190 -405
191 -277
192 760
193 -364
194 332
195 -818
196 -83
197 254
198 799
199 -765
200 -265
201 -348
202 893
203 -403
204 -805
205 173
206 -996
207 -595
208 -886
209 -465
210 -858
211 499
212 -233
213 -255
214 450
215 -520
216 -710
217 73
218 -642
219 481
220 -288
221 543
222 815
223 420
224 -936
225 803
226 -695
227 -197
228 -131
229 220
230 -372
231 -440
232 -899
233 631
234 -136
235 143
236 -172
237 555
238 972
239 -272
240 -949
241 596
242 768
243 -969
244 -80
245 -730
246 -846
247 54
248 -54
249 -997
250 -399
251 -971
252 -640
253 -987
254 -593
255 -5
256 -168
257 -100
258 -793
259 93
260 501
261 -47
262 854
263 -999
264 -808
265 582
266 -107
267 375
268 -760
269 -507
270 741
271 49
272 -616
273 501
274 -5
275 -941
276 842
277 -426
278 -562
279 557
280 -896
281 -145
282 -511
283 -652
284 985
285 -56
286 -901
287 585
288 144
289 104
290 850
291 -652
292 -462
293 589
294 506
295 921
296 -34
297 373
298 -113
299 154
300 223
301 893
302 -986
303 -788
304 -303
305 53
306 -747
307 -176
308 -645
309 -83
310 776
311 -598
312 390
313 -767
314 -504
315 430
316 -756
317 919
318 -287
319 914
320 -802
321 984
322 -598
323 97
324 275
325 -847
326 -104
327 682
328 -712
329 -435
330 -419
331 714
332 -584
333 -105
334 496
335 595
336 857
337 851
338 -503
339 735
340 -515
341 807
342 909
343 -60
344 242
345 -503
346 410
347 -706
348 -949
349 4
350 641
351 796
352 695
353 791
354 -350
355 -577
356 818
357 550
358 -806
359 -140
360 -483
361 -602
362 716
363 -407
364 631
365 69
366 401
367 -937
368 957
369 152
370 287
371 973
372 -250
373 128
374 732
375 863
376 -11
377 277
378 -211
379 593
380 -84
381 -582
382 72
383 -646
384 380
385 -892
386 -537
387 174
388 518
389 -453
390 -367
391 -209
392 65
393 -175
394 -744
395 -342
396 223
397 -145
398 -968
399 834
400 -857
401 296
402 -484
403 572
404 949
405 267
406 689
407 -405
408 904
409 -242
410 -753
411 -403
412 741
413 -466
414 -140
415 -455
416 -627
417 2
418 228
419 -353
420 -51
421 -90
422 -838
423 759
424 -256
425 -659
426 -82
427 -11
428 -161
429 216
430 -716
431 -818
432 553
433 581
434 -315
435 318
436 -931
437 -81
438 968
439 -405
440 -723
441 -988
442 -294
443 616
444 37
445 -608
446 855
447 201
448 603
449 -322
450 -913
451 518
452 741
453 166
454 -155
455 -542
456 -667
457 822
458 767
459 -740
460 769
461 -695
462 381
463 -67
464 10
465 298
466 -741
467 -195
468 677
469 514
470 927
471 888
472 585
473 -745
474 -400
475 -383
476 -619
477 475
478 -678
479 -704
480 461
481 -23
482 -988
483 677
484 389
485 373
486 607
487 5
488 319
489 -111
490 -256
491 -906
492 346
493 181
494 -265
495 668
496 -911
497 213
498 420
499 -15
500 100
501 -144
502 -620
503 -728
504 335
505 -519
506 838
507 -119
508 765
509 886
510 49
511 -84
512 -92
513 -626
514 334
515 700
516 -300
517 627
518 -614
519 -880
520 -331
521 -386
522 -967
523 -213
524 492
525 -886
526 -899
527 -191
528 -71
529 874
530 -512
531 -289
532 -171
533 -798
534 -713
535 -253
536 272
537 -881
538 208
539 -592
540 -66
541 798
542 749
543 126
544 942
545 812
546 506
547 -893
548 -877
549 75
550 64
551 853
552 -220
553 -269
554 -327
555 -273
556 830
557 154
558 -830
559 109
560 856
561 -160
562 149
563 -421
564 649
565 -848
566 -465
567 -761
568 777
569 188
570 -196
571 -403
572 952
573 -344
574 242
575 -448
576 -60
577 -536
578 740
579 787
580 -628
581 90
582 -49
583 780
584 34
585 584
586 -398
587 -174
588 -610
589 352
590 1
591 762
592 -336
593 803
594 0
595 181
596 -326
597 523
598 331
599 845
600 -105
601 799
602 -955
603 311
604 541
605 243
606 -25
607 -149
608 -601
609 494
610 -45
611 -478
612 904
613 -101
614 598
615 -58
616 -566
617 524
618 -287
619 -786
620 996
621 794
622 670
623 -530
624 576
625 218
626 -89
627 121
628 -552
629 112
630 965
631 785
632 933
633 -138
634 397
635 903
636 837
637 -657
638 -949
639 332
640 500
641 682
642 234
643 -724
644 470
645 -823
646 -186
647 -442
648 -262
649 533
650 396
651 -21
652 153
653 650
654 -727
655 -263
656 51
657 -133
658 798
659 241
660 -626
661 294
662 -528
663 -635
664 58
665 -56
666 367
667 602
668 896
669 -784
670 -403
671 998
672 -240
673 -763
674 494
675 -261
676 -55
677 434
678 444
679 135
680 881
681 587
682 49
683 667
684 -591
685 -113
686 -16
687 397
688 -56
689 653
690 94
691 668
692 456
693 -677
694 777
695 -533
696 147
697 -119
698 531
699 364
700 -784
701 144
702 -896
703 -649
704 394
705 -238
706 420
707 -610
708 952
709 -960
710 -848
711 429
712 721
713 376
714 -482
715 876
716 54
717 701
718 -359
719 -809
720 887
721 -106
722 183
723 -956
724 -425
725 592
726 -840
727 939
728 -826
729 -884
730 321
731 -252
732 -738
733 89
734 -285
735 632
736 459
737 -306
738 305
739 490
740 -971
741 168
742 -758
743 -353
744 -804
745 649
746 -150
747 -743
748 -493
749 371
750 -713
751 -691
752 265
753 -257
754 -424
755 -71
756 529
757 -521
758 -989
759 905
760 -436
761 -256
762 995
763 305
764 310
765 826
766 -364
767 -970
768 -250
769 -75
770 206
771 910
772 143
773 71
774 -679
775 -802
776 739
777 607
778 -531
779 156
780 208
781 538
782 -475
783 -143
784 -472
785 -870
786 -672
787 -174
788 -79
789 -314
790 113
791 -410
792 677
793 979
794 61
795 745
796 246
797 86
798 -717
799 285
800 -756
801 -414
802 116
803 -821
804 -982
805 778
806 473
807 996
808 -210
809 42
810 693
811 -616
812 -473
813 251
814 686
815 526
816 531
817 -238
818 -885
819 -258
820 347
821 -866
822 972
823 526
824 166
825 817
826 222
827 -91
828 -488
829 156
830 -113
831 -769
832 -288
833 474
834 361
835 -418
836 -312
837 -320
838 -868
839 325
840 -183
841 -475
842 830
843 731
844 -825
845 538
846 250
847 -497
848 -923
849 -858
850 363
851 -504
852 -103
853 -526
854 -464
855 -545
856 750
857 25
858 722
859 -240
860 775
861 -727
862 -51
863 988
864 -697
865 571
866 285
867 53
868 -450
869 -896
870 -354
871 452
872 -918
873 581
874 -582
875 762
876 -32
877 -146
878 400
879 510
880 553
881 924
882 868
883 217
884 694
885 -438
886 -672
887 611
888 -991
889 499
890 637
891 -475
892 -556
893 253
894 612
895 151
896 333
897 -460
898 730
899 -269
900 747
901 -553
902 -843
903 513
904 -289
905 313
906 -271
907 -565
908 -372
909 590
910 -606
911 565
912 -644
913 -439
914 -726
915 -246
916 -693
917 -365
918 -436
919 916
920 720
921 330
922 -900
923 -120
924 693
925 -693
926 62
927 -955
928 -13
929 964
930 -173
931 -539
932 -641
933 143
934 -151
935 353
936 -332
937 -47
938 822
939 -525
940 461
941 535
942 812
943 7
944 -765
945 636
946 24
947 -484
948 -955
949 -746
950 -920
951 -101
952 526
953 130
954 -552
955 597
956 -955
957 -884
958 -941
959 -957
960 -672
961 -76
962 82
963 927
964 -475
965 -52
966 907
967 -317
968 -803
969 443
970 -923
971 557
972 119
973 508
974 72
975 789
976 -977
977 -52
978 -727
979 896
980 811
981 -11
982 -442
983 906
984 -769
985 190
986 -380
987 -544
988 423
989 606
990 349
991 691
992 41
993 -251
994 833
995 -586
996 -15
997 -101
998 -146
999 13
1000 578
1001 -829
1002 -100
1003 195
1004 852
1005 -960
1006 -278
1007 -14
1008 474
1009 -530
1010 -56
1011 -763
1012 -927
1013 -470
1014 589
1015 -429
1016 -693
1017 -489
1018 -735
1019 -920
1020 -34
1021 -886
1022 533
1023 736
1024 -732
1025 613
1026 -395
1027 987
1028 -352
1029 324
1030 184
1031 113
1032 80
1033 102
1034 748
1035 -776
1036 -990
1037 -154
1038 -443
1039 -741
1040 -421
1041 686
1042 -351
1043 -95
1044 263
1045 976
1046 -852
1047 179
1048 899
1049 690
1050 43
1051 799
1052 -839
1053 -27
1054 418
1055 -140
1056 222
1057 -967
1058 773
1059 -320
1060 281
1061 897
1062 -975
1063 891
1064 -435
1065 -104
1066 -237
1067 695
1068 264
1069 561
1070 379
1071 -77
1072 768
1073 -706
1074 532
1075 986
1076 -230
1077 456
1078 389
1079 -977
1080 -125
1081 690
1082 946
1083 657
1084 517
1085 167
1086 527
1087 697
1088 679
1089 826
1090 -18
1091 791
1092 997
1093 -568
1094 -418
1095 -240
1096 972
1097 -292
1098 -865
1099 891
1100 573
1101 -528
1102 -498
1103 195
1104 -322
1105 -367
1106 -550
1107 -832
1108 365
1109 -740
1110 150
1111 -531
1112 600
1113 -621
1114 706
1115 728
1116 397
1117 30
1118 -806
1119 149
1120 -384
1121 -217
1122 -705
1123 -229
1124 365
1125 -712
1126 -284
1127 614
1128 -391
1129 -522
1130 -167
1131 374
1132 913
1133 -915
1134 687
1135 301
1136 -946
1137 341
1138 -10
1139 723
1140 473
1141 -906
1142 392
1143 -317
1144 188
1145 -681
1146 -590
1147 -351
1148 -752
1149 -634
1150 -25
1151 937
1152 -98
1153 578
1154 -599
1155 359
1156 313
1157 389
1158 727
1159 -747
1160 206
1161 416
1162 579
1163 189
1164 131
1165 351
1166 -463
1167 -141
1168 -309
1169 -838
1170 -492
1171 -535
1172 372
1173 -88
1174 111
1175 -900
1176 -569
1177 -604
1178 795
1179 740
1180 -641
1181 11
1182 -250
1183 -402
1184 328
1185 940
1186 -539
1187 724
1188 866
1189 722
1190 646
1191 -529
1192 398
1193 -635
1194 -91
1195 -441
1196 70
1197 561
1198 -876
1199 -824
1200 -14
1201 -953
1202 -542
1203 869
1204 432
1205 -335
1206 -290
1207 -660
1208 977
1209 978
1210 -709
1211 326
1212 286
1213 975
1214 831
1215 848
1216 610
1217 692
1218 870
1219 -863
1220 -776
1221 -486
1222 528
1223 748
1224 -478
1225 -68
1226 177
1227 -912
1228 -250
1229 146
1230 583
1231 233
1232 -943
1233 778
1234 271
1235 176
1236 -456
1237 -627
1238 469
1239 389
1240 -709
1241 958
1242 -763
1243 -505
1244 940
1245 273
1246 -738
1247 -300
1248 -736
1249 -548
1250 675
1251 -50
1252 264
1253 -273
1254 -83
1255 296
1256 -99
1257 -104
1258 570
1259 356
1260 155
1261 -439
1262 -285
1263 617
1264 682
1265 -622
1266 -125
1267 643
1268 53
1269 -330
1270 -300
1271 443
1272 287
1273 981
1274 -58
1275 763
1276 -288
1277 -779
1278 -658
1279 -729
1280 487
1281 202
1282 -164
1283 -190
1284 692
1285 -557
1286 -547
1287 -893
1288 -805
1289 -380
1290 -479
1291 -105
1292 -940
1293 -255
1294 -548
1295 374
1296 -239
1297 827
1298 196
1299 433
1300 174
1301 374
1302 514
1303 -861
1304 598
1305 124
1306 -184
1307 553
1308 -220
1309 -961
1310 880
1311 -906
1312 36
1313 -430
1314 825
1315 -135
1316 -426
1317 93
1318 983
1319 -497
1320 -401
1321 13
1322 645
1323 -889
1324 484
1325 -813
1326 68
1327 -979
1328 -313
1329 626
1330 -783
1331 -988
1332 -343
1333 886
1334 241
1335 817
1336 -776
1337 821
1338 356
1339 -665
1340 407
1341 64
1342 171
1343 805
1344 626
1345 354
1346 226
1347 749
1348 696
1349 958
1350 466
1351 469
1352 -703
1353 -419
1354 -690
1355 -6
1356 797
1357 330
1358 -716
1359 882
1360 374
1361 -856
1362 -741
1363 816
1364 357
1365 797
1366 867
1367 877
1368 -115
1369 481
1370 -491
1371 -891
1372 -407
1373 -542
1374 -176
1375 -53
1376 357
1377 608
1378 -702
1379 -201
1380 487
1381 -983
1382 -824
1383 -510
1384 -305
1385 -501
1386 -346
1387 295
1388 244
1389 -544
1390 -188
1391 597
1392 907
1393 -983
1394 714
1395 405
1396 401
1397 -557
1398 345
1399 542
1400 -9
1401 -515
1402 184
1403 -935
1404 857
1405 -526
1406 -854
1407 521
1408 75
1409 21
1410 -972
1411 -605
1412 244
1413 -196
1414 568
1415 -547
1416 -890
1417 -423
1418 640
1419 433
1420 810
1421 655
1422 693
1423 -568
1424 -784
1425 -843
1426 722
1427 765
1428 163
1429 -753
1430 445
1431 -155
1432 639
1433 -145
1434 -351
1435 -718
1436 -161
1437 367
1438 961
1439 398
1440 -578
1441 -545
1442 -768
1443 818
1444 -115
1445 446
1446 105
1447 999
1448 -387
1449 -542
1450 -564
1451 -197
1452 201
1453 -358
1454 -976
1455 -79
1456 -258
1457 658
1458 795
1459 -490
1460 -71
1461 68
1462 -631
1463 952
1464 -649
1465 -996
1466 -781
1467 -178
1468 -246
1469 -869
1470 647
1471 -930
1472 -257
1473 716
1474 -390
1475 -975
1476 -994
1477 -988
1478 -622
1479 436
1480 979
1481 -18
1482 930
1483 318
1484 -299
1485 -396
1486 -370
1487 -806
1488 -14
1489 -314
1490 373
1491 300
1492 -847
1493 167
1494 -645
1495 575
1496 787
1497 -863
1498 740
1499 -484
1500 933
1501 684
1502 -143
1503 277
1504 -338
1505 607
1506 491
1507 -472
1508 230
1509 296
1510 545
1511 496
1512 -349
1513 696
1514 -456
1515 -618
1516 -225
1517 -203
1518 741
1519 634
1520 558
1521 -638
1522 363
1523 -357
1524 -20
1525 -798
1526 771
1527 -930
1528 -786
1529 -317
1530 -389
1531 697
1532 825
1533 -197
1534 322
1535 865
1536 771
1537 -190
1538 514
1539 505
1540 -293
1541 400
1542 513
1543 245
1544 -200
1545 -372
1546 -156
1547 -967
1548 -177
1549 341
1550 775
1551 543
1552 -698
1553 -543
1554 922
1555 -354
1556 -757
1557 698
1558 179
1559 -19
1560 -368
1561 -180
1562 979
1563 -610
1564 254
1565 289
1566 501
1567 544
1568 849
1569 448
1570 -829
1571 457
1572 733
1573 -660
1574 -301
1575 -943
1576 -841
1577 -153
1578 -309
1579 451
1580 -963
1581 114
1582 812
1583 260
1584 454
1585 578
1586 -102
1587 699
1588 495
1589 716
1590 806
1591 -862
1592 43
1593 -908
1594 -287
1595 147
1596 -241
1597 486
1598 -117
1599 -390
1600 -986
1601 591
1602 1000
1603 -700
1604 -528
1605 465
1606 -530
1607 921
1608 -972
1609 -726
1610 539
1611 519
1612 -760
1613 -595
1614 214
1615 -556
1616 525
1617 257
1618 385
1619 -664
1620 503
1621 -811
1622 -804
1623 193
1624 -762
1625 367
1626 559
1627 -964
1628 -566
1629 -641
1630 204
1631 -443
1632 -329
1633 -668
1634 620
1635 128
1636 1000
1637 480
1638 -822
1639 -914
1640 -552
1641 -857
1642 985
1643 997
1644 920
1645 -97
1646 -972
1647 249
1648 779
1649 804
1650 821
1651 961
1652 -272
1653 -247
1654 222
1655 -881
1656 -115
1657 -370
1658 182
1659 -512
1660 -422
1661 421
1662 -177
1663 -644
1664 -317
1665 504
1666 710
1667 401
1668 344
1669 173
1670 94
1671 -954
1672 -369
1673 -383
1674 -801
1675 16
1676 -375
1677 -300
1678 -923
1679 736
1680 -217
1681 537
1682 -951
1683 152
1684 -260
1685 -178
1686 -390
1687 28
1688 806
1689 -230
1690 763
1691 736
1692 -860
1693 -840
1694 321
1695 -865
1696 -291
1697 -583
1698 -102
1699 -438
1700 91
1701 782
1702 -992
1703 562
1704 411
1705 -602
1706 -94
1707 348
1708 39
1709 902
1710 958
1711 -523
1712 234
1713 -790
1714 193
1715 407
1716 897
1717 748
1718 425
1719 -966
1720 -207
1721 -308
1722 -550
1723 663
1724 371
1725 -363
1726 346
1727 766
1728 -116
1729 -13
1730 -380
1731 -924
1732 256
1733 -340
1734 126
1735 216
1736 -215
1737 -782
1738 968
1739 577
1740 791
1741 -256
1742 -930
1743 785
1744 -881
1745 780
1746 -319
1747 141
1748 -392
1749 -946
1750 -54
1751 526
1752 321
1753 75
1754 924
1755 916
1756 562
1757 983
1758 -338
1759 -255
1760 -204
1761 -328
1762 568
1763 146
1764 -875
1765 37
1766 2
1767 -20
1768 226
1769 -546
1770 -285
1771 -377
1772 593
1773 -327
1774 267
1775 -995
1776 -191
1777 103
1778 -367
1779 386
1780 191
1781 622
1782 -734
1783 710
1784 29
1785 -525
1786 848
1787 -870
1788 -633
1789 -856
1790 -604
1791 78
1792 -216
1793 169
1794 -454
1795 955
1796 -559
1797 -232
1798 -123
1799 468
1800 436
1801 -272
1802 367
1803 704
1804 -599
1805 -430
1806 -546
1807 -600
1808 -790
1809 -270
1810 135
1811 -306
1812 -7
1813 -750
1814 967
1815 -781
1816 -714
1817 -437
1818 31
1819 306
1820 680
1821 -399
1822 -752
1823 981
1824 377
1825 -541
1826 194
1827 821
1828 -762
1829 -247
1830 -641
1831 198
1832 -919
1833 -222
1834 -146
1835 -292
1836 195
1837 199
1838 906
1839 775
1840 852
1841 738
1842 -71
1843 -719
1844 973
1845 721
1846 928
1847 -755
1848 233
1849 673
1850 -626
1851 892
1852 935
1853 -40
1854 -908
1855 -344
1856 -222
1857 701
1858 536
1859 -498
1860 -394
1861 -905
1862 464
1863 -438
1864 -151
1865 471
1866 -560
1867 -584
1868 -134
1869 170
1870 -719
1871 -767
1872 -24
1873 -4
1874 -408
1875 303
1876 -520
1877 -816
1878 705
1879 -662
1880 322
1881 783
1882 -706
1883 417
1884 935
1885 -428
1886 -154
1887 -900
1888 458
1889 918
1890 -516
1891 630
1892 418
1893 -987
1894 947
1895 -526
1896 135
1897 509
1898 -482
1899 -13
1900 252
1901 854
1902 -326
1903 805
1904 -629
1905 444
1906 -829
1907 -309
1908 -486
1909 -447
1910 -401
1911 -488
1912 -536
1913 -448
1914 -552
1915 -713
1916 -734
1917 -223
1918 -243
1919 -644
1920 132
1921 -931
1922 -414
1923 483
1924 655
1925 82
1926 -548
1927 -190
1928 912
1929 762
1930 448
1931 39
1932 -819
1933 398
1934 797
1935 -778
1936 -149
1937 935
1938 502
1939 -411
1940 -343
1941 -947
1942 -511
1943 764
1944 -247
1945 346
1946 -228
1947 172
1948 -663
1949 353
1950 149
1951 -684
1952 2
1953 338
1954 784
1955 -261
1956 -177
1957 -607
1958 992
1959 93
1960 79
1961 456
1962 32
1963 222
1964 390
1965 -914
1966 -491
1967 512
1968 -93
1969 -406
1970 -650
1971 -534
1972 842
1973 -912
1974 702
1975 -334
1976 641
1977 -635
1978 191
1979 -542
1980 158
1981 646
1982 -433
1983 -249
1984 500
1985 495
1986 337
1987 -949
1988 -834
1989 -420
1990 538
1991 163
1992 -925
1993 603
1994 989
1995 -507
1996 -734
1997 -751
1998 672
1999 759
2000 914
2001 628
2002 -144
2003 -790
2004 296
2005 598
2006 -464
2007 -481
2008 -498
2009 -646
2010 -866
2011 -147
2012 511
2013 -415
2014 593
2015 370
2016 197
2017 -953
2018 -904
2019 -765
2020 203
2021 -996
2022 -612
2023 -849
2024 -102
2025 891
2026 -604
2027 -344
2028 518
2029 -747
2030 -586
2031 -825
2032 478
2033 -581
2034 -626
2035 693
2036 -412
2037 965
2038 917
2039 483
2040 -888
2041 -687
2042 -212
2043 414
2044 6
2045 -245
2046 671
2047 720
2048 486
2049 210
2050 -313
2051 497
2052 914
2053 -414
2054 -951
2055 552
2056 -333
2057 970
2058 -940
2059 469
2060 -155
2061 928
2062 -245
2063 332
2064 -24
2065 -538
2066 -855
2067 120
2068 -501
2069 -558
2070 72
2071 14
2072 329
2073 631
2074 -521
2075 -35
2076 706
2077 343
2078 -825
2079 4
2080 -442
2081 753
2082 -992
2083 -284
2084 792
2085 656
2086 -601
2087 993
2088 -964
2089 957
2090 280
2091 -382
2092 -559
2093 -17
2094 491
2095 737
2096 341
2097 -308
2098 -68
2099 182
2100 937
2101 -172
2102 -179
2103 435
2104 24
2105 660
2106 -738
2107 -255
2108 175
2109 976
2110 -465
2111 923
2112 723
2113 181
2114 -961
2115 152
2116 760
2117 810
2118 -598
2119 148
2120 569
2121 -877
2122 205
2123 389
2124 59
2125 -831
2126 -8
2127 -88
2128 900
2129 -66
2130 -985
2131 -609
2132 724
2133 432
2134 436
2135 760
2136 176
2137 613
2138 -163
2139 601
2140 48
2141 -274
2142 -48
2143 249
2144 -923
2145 969
2146 909
2147 736
2148 107
2149 -399
2150 -409
2151 -614
2152 -449
2153 -921
2154 -264
2155 -671
2156 408
2157 -127
2158 -700
2159 930
2160 414
2161 153
2162 -637
2163 -104
2164 413
2165 -527
2166 246
2167 -129
2168 847
2169 -96
2170 4
2171 216
2172 482
2173 -644
2174 15
2175 704
2176 -1000
2177 363
2178 -767
2179 -494
2180 -293
2181 -295
2182 420
2183 785
2184 -169
2185 -139
2186 256
2187 308
2188 -828
2189 578
2190 687
2191 -894
2192 517
2193 -924
2194 -997
2195 143
2196 -36
2197 -847
2198 -563
2199 768
2200 373
2201 -93
2202 -680
2203 -204
2204 -657
2205 31
2206 881
2207 978
2208 86
2209 -968
2210 814
2211 548
2212 -583
2213 62
2214 -24
2215 -497
2216 -634
2217 37
2218 289
2219 96
2220 -596
2221 -615
2222 908
2223 -659
2224 -898
2225 367
2226 -982
2227 663
2228 311
2229 -281
2230 -489
2231 -348
2232 39
2233 -143
2234 -649
2235 696
2236 -933
2237 -856
2238 220
2239 -76
2240 470
2241 -496
2242 725
2243 757
2244 498
2245 740
2246 -150
2247 613
2248 1000
2249 302
2250 -229
2251 -808
2252 -160
2253 -548
2254 419
2255 -339
2256 49
2257 -318
2258 -988
2259 -163
2260 708
2261 -862
2262 986
2263 610
2264 552
2265 -666
2266 -99
2267 -503
2268 -388
2269 297
2270 396
2271 687
2272 -83
2273 83
2274 454
2275 -927
2276 -197
2277 -584
2278 -196
2279 -32
2280 371
2281 -621
2282 -39
2283 549
2284 532
2285 4
2286 -329
2287 -889
2288 -865
2289 656
2290 -298
2291 10
2292 -118
2293 163
2294 513
2295 -501
2296 923
2297 747
2298 480
2299 -186
2300 973
2301 3
2302 -741
2303 712
2304 -392
2305 646
2306 259
2307 -599
2308 175
2309 -449
2310 -821
2311 852
2312 287
2313 931
2314 720
2315 -426
2316 509
2317 433
2318 -414
2319 -548
2320 -279
2321 -265
2322 -987
2323 -127
2324 -952
2325 -177
2326 924
2327 415
2328 463
2329 846
2330 -846
2331 -445
2332 139
2333 -661
2334 -173
2335 -249
2336 963
2337 935
2338 192
2339 790
2340 -538
2341 -887
2342 466
2343 -992
2344 468
2345 -700
2346 581
2347 539
2348 313
2349 782
2350 442
2351 43
2352 -230
2353 -663
2354 90
2355 288
2356 77
2357 -227
2358 110
2359 -936
2360 -317
2361 -396
2362 143
2363 -647
2364 -645
2365 -58
2366 816
2367 -673
2368 -136
2369 -421
2370 -475
2371 -336
2372 -305
2373 -152
2374 -264
2375 738
2376 -205
2377 -825
2378 -100
2379 -933
2380 794
2381 473
2382 -787
2383 -393
2384 -796
2385 -892
2386 -762
2387 -180
2388 604
2389 -366
2390 257
2391 749
2392 -412
2393 -571
2394 626
2395 -582
2396 811
2397 -682
2398 -536
2399 -251
2400 -513
2401 -271
2402 977
2403 364
2404 -362
2405 -121
2406 409
2407 163
2408 -738
2409 143
2410 -708
2411 217
2412 -267
2413 583
2414 951
2415 -718
2416 -379
2417 633
2418 566
2419 -926
2420 143
2421 -220
2422 418
2423 126
2424 -191
2425 947
2426 495
2427 -215
2428 425
2429 967
2430 -144
2431 -21
2432 615
2433 960
2434 598
2435 -477
2436 -783
2437 -938
2438 992
2439 -263
2440 -504
2441 904
2442 -693
2443 814
2444 133
2445 468
2446 80
2447 79
2448 629
2449 214
2450 763
2451 286
2452 -688
2453 804
2454 -662
2455 -514
2456 -401
2457 -257
2458 -438
2459 658
2460 -490
2461 -501
2462 663
2463 -571
2464 750
2465 -17
2466 -443
2467 -458
2468 134
2469 -232
2470 15
2471 -739
2472 -170
2473 998
2474 282
2475 -73
2476 576
2477 -489
2478 743
2479 320
2480 -607
2481 -14
2482 -855
2483 -33
2484 -234
2485 -521
2486 806
2487 -349
2488 -11
2489 -735
2490 864
2491 -985
2492 273
2493 -800
2494 -929
2495 15
2496 799
2497 -512
2498 -55
2499 -870
2500 -310
2501 508
2502 -965
2503 -415
2504 -378
2505 860
2506 -146
2507 248
2508 492
2509 -573
2510 349
2511 -368
2512 -343
2513 303
2514 -574
2515 599
2516 296
2517 869
2518 394
2519 662
2520 9
2521 -122
2522 975
2523 113
2524 -748
2525 -831
2526 -578
2527 -835
2528 161
2529 -81
2530 -154
2531 76
2532 -360
2533 882
2534 83
2535 -292
2536 -693
2537 -456
2538 -819
2539 22
2540 464
2541 49
2542 -524
2543 432
2544 -49
2545 457
2546 817
2547 -212
2548 -24
2549 706
2550 -689
2551 -557
2552 36
2553 59
2554 -292
2555 -69
2556 523
2557 -21
2558 761
2559 -368
2560 604
2561 -562
2562 676
2563 349
2564 137
2565 -532
2566 577
2567 -215
2568 29
2569 -279
2570 -606
2571 980
2572 481
2573 -185
2574 -916
2575 -821
2576 161
2577 -993
2578 -271
2579 -424
2580 256
2581 193
2582 807
2583 841
2584 582
2585 -322
2586 -892
2587 -937
2588 -538
2589 198
2590 -227
2591 -673
2592 -332
2593 825
2594 -197
2595 500
2596 900
2597 471
2598 21
2599 -603
2600 -523
2601 382
2602 798
2603 -830
2604 -817
2605 762
2606 639
2607 143
2608 -659
2609 211
2610 355
2611 692
2612 -626
2613 -142
2614 790
2615 392
2616 -187
2617 921
2618 -927
2619 251
2620 233
2621 -254
2622 -26
2623 475
2624 -574
2625 -85
2626 -576
2627 335
2628 18
2629 -408
2630 418
2631 -580
2632 -546
2633 -817
2634 589
2635 434
2636 -3
2637 281
2638 572
2639 -322
2640 870
2641 -817
2642 131
2643 -666
2644 -487
2645 531
2646 543
2647 -824
2648 -139
2649 258
2650 -459
2651 533
2652 622
2653 -927
2654 -120
2655 -511
2656 657
2657 798
2658 -446
2659 -594
2660 810
2661 -323
2662 874
2663 -692
2664 -173
2665 -213
2666 746
2667 -211
2668 -790
2669 -11
2670 802
2671 -142
2672 -770
2673 865
2674 -13
2675 494
2676 237
2677 774
2678 981
2679 752
2680 -895
2681 460
2682 602
2683 756
2684 -343
2685 -114
2686 -428
2687 783
2688 142
2689 -385
2690 -955
2691 -97
2692 -364
2693 996
2694 -958
2695 176
2696 -719
2697 307
2698 -467
2699 -752
2700 -832
2701 -390
2702 265
2703 -438
2704 83
2705 -260
2706 903
2707 -573
2708 -2
2709 943
2710 -991
2711 946
2712 -453
2713 589
2714 226
2715 152
2716 190
2717 67
2718 33
2719 -989
2720 -848
2721 233
2722 -868
2723 30
2724 184
2725 141
2726 777
2727 888
2728 -124
2729 150
2730 -428
2731 -158
2732 -574
2733 -817
2734 -964
2735 -645
2736 226
2737 -512
2738 -433
2739 -280
2740 -284
2741 -782
2742 -765
2743 -62
2744 -692
2745 -621
2746 -360
2747 -549
2748 -260
2749 -420
2750 -948
2751 938
2752 646
2753 -34
2754 368
2755 680
2756 -311
2757 -248
2758 -342
2759 159
2760 240
2761 -868
2762 -644
2763 -594
2764 -909
2765 838
2766 311
2767 -433
2768 -959
2769 735
2770 -652
2771 803
2772 769
2773 -965
2774 526
2775 -692
2776 -735
2777 -738
2778 -691
2779 438
2780 374
2781 -516
2782 -35
2783 513
2784 676
2785 33
2786 258
2787 -450
2788 56
2789 285
2790 829
2791 218
2792 843
2793 857
2794 851
2795 469
2796 -624
2797 -51
2798 -207
2799 -524
2800 -661
2801 -213
2802 519
2803 -148
2804 -96
2805 891
2806 994
2807 -75
2808 -731
2809 419
2810 -100
2811 643
2812 345
2813 769
2814 -206
2815 810
2816 -845
2817 836
2818 -655
2819 -115
2820 -825
2821 -5
2822 -213
2823 -971
2824 445
2825 408
2826 -486
2827 453
2828 -657
2829 101
2830 146
2831 806
2832 -139
2833 -320
2834 -843
2835 157
2836 -591
2837 -187
2838 579
2839 -891
2840 127
2841 836
2842 -30
2843 720
2844 315
2845 175
2846 -988
2847 433
2848 -804
2849 -391
2850 -649
2851 943
2852 -958
2853 -487
2854 446
2855 772
2856 430
2857 -717
2858 -387
2859 -750
2860 -2
2861 -377
2862 972
2863 531
2864 135
2865 460
2866 129
2867 -77
2868 880
2869 -933
2870 334
2871 -216
2872 610
2873 -423
2874 -942
2875 -895
2876 -38
2877 -283
2878 693
2879 -735
2880 -796
2881 -254
2882 -88
2883 769
2884 523
2885 600
2886 629
2887 -197
2888 -5
2889 -566
2890 131
2891 178
2892 -75
2893 778
2894 588
2895 -646
2896 339
2897 633
2898 -604
2899 264
2900 -796
2901 -816
2902 276
2903 -801
2904 -989
2905 -159
2906 897
2907 689
2908 564
2909 -493
2910 213
2911 -632
2912 705
2913 186
2914 -58
2915 -694
2916 381
2917 -593
2918 150
2919 538
2920 473
2921 210
2922 985
2923 -429
2924 209
2925 576
2926 -570
2927 -285
2928 968
2929 446
2930 -318
2931 677
2932 652
2933 594
2934 95
2935 40
2936 -577
2937 -746
2938 -581
2939 -818
2940 -542
2941 -761
2942 -440
2943 942
2944 907
2945 733
2946 -698
2947 231
2948 -119
2949 582
2950 531
2951 -136
2952 232
2953 -327
2954 -762
2955 -185
2956 21
2957 -350
2958 -193
2959 464
2960 -874
2961 -634
2962 214
2963 62
2964 686
2965 882
2966 -89
2967 39
2968 225
2969 588
2970 906
2971 -902
2972 -329
2973 -32
2974 736
2975 -250
2976 -198
2977 679
2978 758
2979 404
2980 793
2981 489
2982 -211
2983 -497
2984 719
2985 932
2986 203
2987 -97
2988 506
2989 889
2990 920
2991 -312
2992 -870
2993 -609
2994 824
2995 375
2996 -658
2997 944
2998 197
2999 135
3000 648
3001 -888
3002 3
3003 -996
3004 17
3005 -574
3006 771
3007 366
3008 264
3009 950
3010 408
3011 297
3012 5
3013 426
3014 582
3015 240
3016 695
3017 890
3018 -215
3019 -854
3020 -572
3021 549
3022 678
3023 586
3024 632
3025 284
3026 -776
3027 -100
3028 236
3029 -623
3030 627
3031 19
3032 -277
3033 -137
3034 -600
3035 248
3036 -902
3037 -973
3038 599
3039 -606
3040 914
3041 -835
3042 -913
3043 402
3044 347
3045 837
3046 -304
3047 -11
3048 -369
3049 569
3050 876
3051 -482
3052 -258
3053 -950
3054 76
3055 169
3056 -671
3057 453
3058 812
3059 -517
3060 -124
3061 659
3062 -34
3063 408
3064 960
3065 -334
3066 -749
3067 -913
3068 -734
3069 -812
3070 752
3071 147
3072 309
3073 547
3074 463
3075 -710
3076 66
3077 689
3078 860
3079 830
3080 -150
3081 841
3082 -143
3083 780
3084 345
3085 -828
3086 846
3087 570
3088 747
3089 -504
3090 -3
3091 534
3092 -619
3093 700
3094 -463
3095 694
3096 -231
3097 598
3098 -262
3099 -586
3100 319
3101 971
3102 144
3103 740
3104 -773
3105 18
3106 -818
3107 287
3108 261
3109 310
3110 -586
3111 -554
3112 242
3113 894
3114 63
3115 -459
3116 -650
3117 687
3118 1000
3119 -600
3120 -309
3121 -240
3122 -699
3123 504
3124 -570
3125 -407
3126 -751
3127 896
3128 419
3129 -743
3130 -431
3131 16
3132 -74
3133 578
3134 -451
3135 494
3136 -92
3137 -911
3138 -991
3139 931
3140 -791
3141 -708
3142 -393
3143 709
3144 518
3145 -618
3146 -395
3147 551
3148 244
3149 -733
3150 -466
3151 369
3152 574
3153 -464
3154 -656
3155 -850
3156 454
3157 922
3158 242
3159 -563
3160 900
3161 934
3162 -241
3163 -955
3164 455
3165 298
3166 -478
3167 -508
3168 -699
3169 -301
3170 810
3171 -272
3172 -746
3173 5
3174 -105
3175 775
3176 -60
3177 -555
3178 435
3179 -876
3180 447
3181 819
3182 -245
3183 217
3184 887
3185 -799
3186 -338
3187 -467
3188 -944
3189 532
3190 -297
3191 37
3192 800
3193 17
3194 174
3195 -109
3196 581
3197 -473
3198 233
3199 190
3200 545
3201 208
3202 828
3203 542
3204 -50
3205 293
3206 262
3207 226
3208 296
3209 -923
3210 352
3211 -214
3212 423
3213 137
3214 -674
3215 -962
3216 598
3217 936
3218 340
3219 -616
3220 -488
3221 918
3222 428
3223 -355
3224 413
3225 202
3226 372
3227 -19
3228 181
3229 596
3230 912
3231 -82
3232 -325
3233 -923
3234 -874
3235 495
3236 908
3237 -509
3238 -830
3239 940
3240 -458
3241 -232
3242 -530
3243 422
3244 986
3245 -433
3246 -320
3247 194
3248 -123
3249 869
3250 959
3251 -819
3252 139
3253 810
3254 203
3255 -796
3256 576
3257 411
3258 -669
3259 221
3260 -15
3261 -188
3262 -685
3263 -461
3264 -411
3265 -951
3266 47
3267 -615
3268 621
3269 -698
3270 612
3271 -500
3272 -939
3273 222
3274 687
3275 867
3276 -493
3277 878
3278 -173
3279 -792
3280 -665
3281 60
3282 -518
3283 -273
3284 845
3285 -188
3286 182
3287 90
3288 -501
3289 -725
3290 -475
3291 -448
3292 -565
3293 -583
3294 888
3295 -647
3296 -63
3297 -444
3298 -253
3299 -627
3300 -11
3301 -217
3302 553
3303 931
3304 -218
3305 -371
3306 252
3307 751
3308 -187
3309 -634
3310 20
3311 762
3312 167
3313 188
3314 -403
3315 -523
3316 752
3317 -671
3318 539
3319 546
3320 455
3321 -205
3322 -846
3323 985
3324 77
3325 -980
3326 -924
3327 993
3328 -733
3329 -28
3330 392
3331 818
3332 -442
3333 -676
3334 -572
3335 -13
3336 876
3337 547
3338 -594
3339 -637
3340 -954
3341 544
3342 -153
3343 71
3344 527
3345 862
3346 79
3347 -307
3348 -934
3349 353
3350 299
3351 736
3352 -108
3353 -101
3354 -509
3355 55
3356 -201
3357 936
3358 -984
3359 -129
3360 -576
3361 695
3362 373
3363 -3
3364 -334
3365 -196
3366 281
3367 112
3368 -749
3369 359
3370 832
3371 140
3372 186
3373 96
3374 -148
3375 -294
3376 -146
3377 473
3378 674
3379 -30
3380 -829
3381 -732
3382 504
3383 902
3384 461
3385 -492
3386 879
3387 725
3388 0
3389 818
3390 386
3391 -62
3392 -172
3393 401
3394 -947
3395 -833
3396 -543
3397 -264
3398 -678
3399 746
3400 -489
3401 351
3402 -178
3403 687
3404 -550
3405 -114
3406 -197
3407 -52
3408 -300
3409 -899
3410 333
3411 -434
3412 222
3413 -580
3414 -485
3415 534
3416 209
3417 -696
3418 342
3419 -422
3420 -482
3421 -137
3422 934
3423 -792
3424 381
3425 982
3426 418
3427 748
3428 186
3429 -973
3430 -631
3431 64
3432 971
3433 -264
3434 380
3435 133
3436 -757
3437 973
3438 -923
3439 970
3440 358
3441 -595
3442 691
3443 574
3444 121
3445 -915
3446 509
3447 -891
3448 -590
3449 -230
3450 -332
3451 685
3452 957
3453 716
3454 -225
3455 -190
3456 464
3457 -292
3458 -594
3459 112
3460 -319
3461 -935
3462 -524
3463 449
3464 -413
3465 -347
3466 888
3467 -621
3468 -875
3469 743
3470 -258
3471 -972
3472 748
3473 -168
3474 -165
3475 801
3476 737
3477 355
3478 859
3479 -472
3480 -320
3481 672
3482 -776
3483 998
3484 629
3485 -460
3486 -269
3487 -530
3488 -156
3489 -436
3490 -823
3491 821
3492 -825
3493 -889
3494 420
3495 -64
3496 -749
3497 -79
3498 -682
3499 56
3500 413
3501 638
3502 -128
3503 -532
3504 506
3505 966
3506 -49
3507 679
3508 96
3509 787
3510 -821
3511 399
3512 -492
3513 669
3514 435
3515 -113
3516 -6
3517 -41
3518 -871
3519 -936
3520 70
3521 168
3522 -50
3523 -921
3524 793
3525 -119
3526 368
3527 -813
3528 -727
3529 348
3530 -645
3531 582
3532 255
3533 -818
3534 -29
3535 411
3536 -614
3537 908
3538 390
3539 -557
3540 -655
3541 -375
3542 425
3543 562
3544 -692
3545 721
3546 -835
3547 -323
3548 -922
3549 -765
3550 781
3551 48
3552 507
3553 438
3554 947
3555 619
3556 302
3557 472
3558 -747
3559 684
3560 397
3561 -167
3562 -797
3563 986
3564 -667
3565 -538
3566 -428
3567 -435
3568 312
3569 -828
3570 -153
3571 592
3572 843
3573 -753
3574 724
3575 -688
3576 -851
3577 28
3578 -710
3579 -968
3580 -623
3581 990
3582 663
3583 577
3584 435
3585 338
3586 -914
3587 590
3588 -399
3589 313
3590 -429
3591 -695
3592 -623
3593 -10
3594 -748
3595 942
3596 -249
3597 -711
3598 58
3599 512
3600 -428
3601 -289
3602 -943
3603 -11
3604 -823
3605 -436
3606 113
3607 74
3608 816
3609 412
3610 616
3611 982
3612 -980
3613 676
3614 -528
3615 374
3616 686
3617 -680
3618 -335
3619 41
3620 588
3621 9
3622 -335
3623 -69
3624 806
3625 -979
3626 -676
3627 810
3628 -316
3629 584
3630 -584
3631 946
3632 -358
3633 17
3634 -341
3635 838
3636 -438
3637 -508
3638 -685
3639 821
3640 462
3641 -376
3642 -128
3643 -823
3644 -393
3645 12
3646 -492
3647 -627
3648 -153
3649 646
3650 -652
3651 -942
3652 -764
3653 -292
3654 863
3655 496
3656 600
3657 -834
3658 743
3659 707
3660 -662
3661 -587
3662 262
3663 295
3664 982
3665 -547
3666 -141
3667 197
3668 -68
3669 -163
3670 974
3671 859
3672 -404
3673 -393
3674 -45
3675 -568
3676 -10
3677 -139
3678 -324
3679 910
3680 724
3681 728
3682 314
3683 574
3684 120
3685 126
3686 50
3687 -389
3688 -136
3689 770
3690 -140
3691 888
3692 -738
3693 521
3694 -565
3695 -216
3696 -274
3697 413
3698 749
3699 -587
3700 396
3701 690
3702 -410
3703 780
3704 932
3705 -686
3706 414
3707 -690
3708 432
3709 -605
3710 -676
3711 705
3712 -590
3713 -48
3714 -251
3715 194
3716 -4
3717 -967
3718 -906
3719 118
3720 -567
3721 603
3722 893
3723 -804
3724 -241
3725 -744
3726 301
3727 864
3728 -963
3729 -41
3730 49
3731 873
3732 -221
3733 643
3734 843
3735 778
3736 -386
3737 481
3738 -923
3739 597
3740 -216
3741 453
3742 744
3743 718
3744 728
3745 673
3746 22
3747 279
3748 345
3749 -648
3750 -111
3751 147
3752 -253
3753 75
3754 -364
3755 -494
3756 709
3757 -684
3758 -995
3759 746
3760 -853
3761 -49
3762 67
3763 -22
3764 -990
3765 672
3766 893
3767 -862
3768 835
3769 982
3770 95
3771 313
3772 -64
3773 -290
3774 56
3775 -408
3776 217
3777 667
3778 34
3779 206
3780 -278
3781 401
3782 -553
3783 -794
3784 134
3785 527
3786 -630
3787 613
3788 205
3789 428
3790 795
3791 893
3792 281
3793 -473
3794 464
3795 978
3796 783
3797 325
3798 -827
3799 527
3800 -312
