0 818
1 742
2 505
3 674
4 590
5 315
6 115
7 735
8 411
9 433
10 781
11 919
12 285
13 672
14 381
15 159
16 518
17 717
18 598
19 834
20 861
21 747
22 735
23 198
24 703
25 435
26 678
27 861
28 404
29 943
30 407
31 856
32 507
33 909
34 841
35 831
36 163
37 214
38 214
39 555
40 503
41 741
42 587
43 478
44 365
45 164
46 563
47 156
48 288
49 421
50 588
51 249
52 381
53 652
54 474
55 289
56 988
57 531
58 702
59 937
60 895
61 525
62 292
63 587
64 682
65 510
66 613
67 122
68 664
69 278
70 486
71 502
72 161
73 713
74 209
75 759
76 186
77 341
78 359
79 904
80 43
81 776
82 644
83 784
84 873
85 272
86 412
87 463
88 200
89 721
90 94
91 714
92 805
93 855
94 684
95 776
96 17
97 727
98 96
99 147
100 843
101 530
102 859
103 505
104 705
105 191
106 568
107 159
108 337
109 535
110 425
111 705
112 188
113 42
114 76
115 654
116 654
117 933
118 915
119 122
120 305
121 194
122 52
123 975
124 235
125 488
126 257
127 576
128 281
129 413
130 743
131 993
132 578
133 836
134 886
135 35
136 690
137 113
138 188
139 216
140 859
141 377
142 869
143 934
144 45
145 519
146 323
147 465
148 995
149 523
150 344
151 92
152 69
153 404
154 447
155 308
156 7
157 711
158 847
159 141
160 9
161 190
162 571
163 997
164 509
165 943
166 810
167 221
168 141
169 610
170 591
171 721
172 610
173 478
174 149
175 916
176 804
177 447
178 787
179 220
180 20
181 138
182 871
183 69
184 347
185 783
186 612
187 25
188 74
189 200
190 154
191 170
192 866
193 181
194 604
195 654
196 436
197 769
198 884
199 531
200 70
201 212
202 520
203 140
204 497
205 390
206 740
207 104
208 930
209 719
210 736
211 95
212 576
213 964
214 203
215 950
216 126
217 397
218 612
219 751
220 594
221 734
222 384
223 60
224 961
225 992
226 375
227 658
228 725
229 19
230 417
231 544
232 390
233 968
234 600
235 937
236 630
237 37
238 622
239 296
240 694
241 764
242 956
243 584
244 997
245 677
246 355
247 280
248 804
249 421
250 73
251 359
252 377
253 693
254 587
255 4
256 223
257 386
258 933
259 925
260 819
261 484
262 421
263 109
264 717
265 379
266 679
267 53
268 325
269 284
270 778
271 436
272 540
273 78
274 410
275 975
276 563
277 568
278 955
279 344
280 374
281 955
282 244
283 967
284 881
285 997
286 260
287 664
288 563
289 951
290 587
291 295
292 648
293 900
294 349
295 856
296 804
297 202
298 506
299 423
300 472
301 479
302 779
303 493
304 401
305 21
306 689
307 415
308 444
309 346
310 606
311 469
312 402
313 431
314 803
315 851
316 375
317 768
318 159
319 709
320 701
321 608
322 737
323 158
324 163
325 386
326 295
327 982
328 0
329 791
330 421
331 571
332 529
333 276
334 759
335 629
336 88
337 715
338 914
339 576
340 73
341 967
342 634
343 486
344 160
345 856
346 668
347 869
348 851
349 265
350 60
351 764
352 351
353 129
354 108
355 135
356 335
357 970
358 388
359 215
360 326
361 558
362 136
363 108
364 885
365 443
366 522
367 640
368 709
369 173
370 97
371 228
372 900
373 249
374 994
375 277
376 535
377 208
378 471
379 55
380 321
381 472
382 494
383 693
384 706
385 769
386 127
387 261
388 277
389 873
390 596
391 783
392 839
393 276
394 213
395 170
396 247
397 529
398 75
399 591
400 287
401 616
402 694
403 291
404 252
405 971
406 204
407 163
408 809
409 513
410 217
411 970
412 27
413 902
414 286
415 500
416 955
417 201
418 417
419 401
420 203
421 454
422 808
423 822
424 630
425 752
426 361
427 872
428 321
429 618
430 31
431 683
432 947
433 136
434 201
435 470
436 936
437 982
438 855
439 617
440 616
441 550
442 632
443 320
444 756
445 809
446 490
447 823
448 663
449 721
450 130
451 63
452 375
453 148
454 479
455 876
456 599
457 227
458 521
459 665
460 871
461 741
462 85
463 734
464 111
465 314
466 634
467 561
468 519
469 1
470 189
471 452
472 27
473 609
474 927
475 448
476 275
477 659
478 560
479 290
480 166
481 393
482 80
483 989
484 505
485 498
486 943
487 485
488 864
489 275
490 656
491 335
492 54
493 38
494 784
495 389
496 980
497 247
498 874
499 105
500 13
501 853
502 165
503 667
504 453
505 428
506 465
507 15
508 380
509 8
510 284
511 825
512 435
513 820
514 172
515 458
516 415
517 798
518 239
519 439
520 623
521 178
522 505
523 381
524 78
525 779
526 522
527 536
528 956
529 399
530 46
531 764
532 899
533 54
534 676
535 537
536 598
537 713
538 108
539 792
540 874
541 963
542 732
543 877
544 701
545 654
546 955
547 691
548 946
549 239
550 676
551 632
552 361
553 811
554 528
555 425
556 847
557 483
558 123
559 216
560 372
561 640
562 728
563 24
564 194
565 438
566 305
567 475
568 573
569 766
570 1000
571 680
572 209
573 668
574 294
575 620
576 914
577 540
578 934
579 666
580 998
581 782
582 439
583 764
584 687
585 889
586 18
587 154
588 695
589 59
590 714
591 696
592 285
593 775
594 419
595 829
596 166
597 75
598 421
599 895
600 84
601 664
602 643
603 486
604 450
605 747
606 224
607 449
608 176
609 63
610 990
611 738
612 284
613 166
614 470
615 598
616 377
617 46
618 785
619 623
620 721
621 573
622 724
623 548
624 807
625 413
626 477
627 281
628 262
629 935
630 443
631 827
632 130
633 11
634 908
635 958
636 2
637 557
638 323
639 901
640 281
641 822
642 566
643 229
644 890
645 157
646 356
647 28
648 329
649 718
650 806
651 660
652 430
653 433
654 571
655 292
656 604
657 150
658 497
659 151
660 732
661 4
662 880
663 583
664 283
665 411
666 323
667 57
668 584
669 419
670 496
671 607
672 319
673 640
674 356
675 906
676 597
677 500
678 602
679 19
680 29
681 745
682 451
683 296
684 771
685 939
686 229
687 482
688 772
689 632
690 991
691 312
692 281
693 520
694 219
695 407
696 64
697 249
698 606
699 491
700 436
701 126
702 844
703 988
704 185
705 770
706 988
707 819
708 565
709 18
710 714
711 795
712 485
713 771
714 462
715 219
716 111
717 606
718 775
719 915
720 843
721 729
722 112
723 168
724 183
725 768
726 390
727 898
728 724
729 162
730 192
731 891
732 571
733 809
734 875
735 86
736 793
737 692
738 811
739 511
740 209
741 244
742 467
743 684
744 925
745 327
746 0
747 474
748 768
749 129
750 58
751 892
752 640
753 187
754 163
755 612
756 987
757 841
758 280
759 386
760 794
761 589
762 285
763 813
764 425
765 90
766 974
767 550
768 952
769 366
770 198
771 717
772 108
773 523
774 719
775 117
776 158
777 514
778 757
779 24
780 678
781 523
782 5
783 978
784 21
785 166
786 138
787 510
788 734
789 727
790 541
791 880
792 226
793 493
794 697
795 76
796 202
797 643
798 60
799 884
800 635
801 306
802 419
803 865
804 534
805 3
806 790
807 989
808 525
809 955
810 437
811 737
812 339
813 940
814 135
815 966
816 451
817 18
818 603
819 716
820 536
821 955
822 874
823 892
824 805
825 500
826 848
827 884
828 1000
829 23
830 660
831 67
832 490
833 614
834 295
835 223
836 645
837 651
838 167
839 467
840 419
841 621
842 756
843 515
844 576
845 253
846 362
847 686
848 825
849 642
850 60
851 155
852 807
853 89
854 999
855 335
856 889
857 524
858 354
859 872
860 623
861 173
862 405
863 717
864 470
865 258
866 499
867 275
868 798
869 347
870 772
871 378
872 743
873 351
874 630
875 893
876 813
877 817
878 967
879 712
880 981
881 607
882 524
883 588
884 314
885 640
886 338
887 844
888 821
889 415
890 500
891 615
892 896
893 928
894 20
895 2
896 907
897 611
898 431
899 37
900 131
901 741
902 843
903 553
904 493
905 999
906 809
907 781
908 546
909 10
910 697
911 231
912 111
913 648
914 132
915 807
916 202
917 745
918 606
919 541
920 406
921 612
922 788
923 534
924 541
925 254
926 481
927 871
928 460
929 387
930 518
931 462
932 760
933 720
934 640
935 202
936 208
937 205
938 291
939 940
940 448
941 342
942 662
943 504
944 732
945 332
946 751
947 906
948 259
949 286
950 617
951 400
952 58
953 110
954 67
955 963
956 682
957 195
958 340
959 950
960 690
961 586
962 337
963 64
964 247
965 44
966 12
967 609
968 480
969 531
970 501
971 679
972 325
973 12
974 366
975 536
976 559
977 92
978 294
979 835
980 292
981 516
982 301
983 52
984 48
985 525
986 136
987 15
988 922
989 245
990 284
991 605
992 1000
993 703
994 176
995 497
996 287
997 893
998 702
999 376
1000 776
1001 978
1002 536
1003 0
1004 906
1005 362
1006 621
1007 24
1008 289
1009 353
1010 957
1011 108
1012 827
1013 916
1014 467
1015 378
1016 427
1017 455
1018 10
1019 520
1020 371
1021 434
1022 756
1023 690
1024 905
1025 350
1026 42
1027 830
1028 104
1029 86
1030 743
1031 904
1032 194
1033 350
1034 676
1035 698
1036 457
1037 690
1038 685
1039 712
1040 107
1041 880
1042 122
1043 926
1044 194
1045 311
1046 636
1047 311
1048 395
1049 719
1050 703
1051 580
1052 251
1053 994
1054 945
1055 294
1056 540
1057 964
1058 331
1059 291
1060 30
1061 352
1062 835
1063 463
1064 184
1065 886
1066 874
1067 533
1068 171
1069 326
1070 859
1071 258
1072 599
1073 12
1074 354
1075 797
1076 868
1077 294
1078 275
1079 35
1080 628
1081 561
1082 316
1083 794
1084 732
1085 930
1086 848
1087 907
1088 458
1089 604
1090 316
1091 506
1092 899
1093 327
1094 681
1095 46
1096 500
1097 359
1098 269
1099 667
1100 980
1101 643
1102 495
1103 421
1104 904
1105 544
1106 275
1107 801
1108 630
1109 763
1110 887
1111 357
1112 659
1113 831
1114 175
1115 206
1116 13
1117 618
1118 3
1119 480
1120 461
1121 364
1122 401
1123 662
1124 800
1125 194
1126 341
1127 554
1128 594
1129 89
1130 840
1131 87
1132 73
1133 368
1134 629
1135 817
1136 259
1137 678
1138 541
1139 910
1140 556
1141 259
1142 214
1143 336
1144 383
1145 949
1146 55
1147 559
1148 513
1149 597
1150 862
1151 180
1152 749
1153 242
1154 582
1155 692
1156 300
1157 748
1158 706
1159 513
1160 303
1161 476
1162 360
1163 203
1164 727
1165 984
1166 236
1167 218
1168 38
1169 317
1170 783
1171 987
1172 574
1173 545
1174 799
1175 184
1176 267
1177 268
1178 407
1179 393
1180 951
1181 199
1182 572
1183 386
1184 151
1185 441
1186 922
1187 513
1188 119
1189 451
1190 580
1191 213
1192 107
1193 724
1194 864
1195 11
1196 130
1197 656
1198 426
1199 644
1200 843
1201 887
1202 775
1203 110
1204 684
1205 19
1206 575
1207 822
1208 361
1209 755
1210 333
1211 943
1212 214
1213 486
1214 396
1215 1000
1216 166
1217 83
1218 463
1219 841
1220 290
1221 81
1222 445
1223 904
1224 663
1225 163
1226 643
1227 672
1228 195
1229 189
1230 471
1231 781
1232 583
1233 472
1234 75
1235 825
1236 588
1237 92
1238 21
1239 320
1240 478
1241 106
1242 346
1243 118
1244 475
1245 418
1246 219
1247 967
1248 148
1249 736
1250 652
1251 664
1252 949
1253 185
1254 279
1255 951
1256 378
1257 359
1258 270
1259 97
1260 369
1261 596
1262 281
1263 253
1264 113
1265 371
1266 784
1267 851
1268 215
1269 96
1270 766
1271 13
1272 763
1273 176
1274 132
1275 537
1276 918
1277 674
1278 537
1279 244
1280 570
1281 878
1282 68
1283 751
1284 368
1285 634
1286 437
1287 893
1288 616
1289 835
1290 679
1291 270
1292 268
1293 935
1294 9
1295 48
1296 320
1297 878
1298 178
1299 33
1300 256
1301 721
1302 44
1303 133
1304 495
1305 726
1306 277
1307 183
1308 953
1309 668
1310 413
1311 350
1312 842
1313 8
1314 559
1315 833
1316 932
1317 130
1318 623
1319 938
1320 155
1321 429
1322 932
1323 663
1324 425
1325 978
1326 79
1327 652
1328 682
1329 695
1330 7
1331 870
1332 793
1333 772
1334 415
1335 650
1336 904
1337 407
1338 322
1339 612
1340 878
1341 506
1342 534
1343 843
1344 3
1345 92
1346 113
1347 479
1348 172
1349 829
1350 581
1351 165
1352 565
1353 509
1354 742
1355 368
1356 449
1357 290
1358 124
1359 295
1360 633
1361 618
1362 701
1363 963
1364 872
1365 581
1366 345
1367 514
1368 569
1369 521
1370 974
1371 30
1372 82
1373 781
1374 766
1375 652
1376 54
1377 668
1378 635
1379 37
1380 741
1381 196
1382 451
1383 439
1384 79
1385 182
1386 602
1387 494
1388 179
1389 30
1390 551
1391 29
1392 919
1393 660
1394 97
1395 56
1396 524
1397 340
1398 164
1399 610
1400 886
1401 195
1402 933
1403 462
1404 234
1405 806
1406 416
1407 101
1408 320
1409 310
1410 444
1411 300
1412 376
1413 146
1414 878
1415 438
1416 991
1417 97
1418 575
1419 227
1420 188
1421 976
1422 350
1423 843
1424 34
1425 708
1426 208
1427 148
1428 657
1429 917
1430 531
1431 215
1432 232
1433 974
1434 505
1435 845
1436 957
1437 763
1438 17
1439 867
1440 85
1441 591
1442 920
1443 99
1444 483
1445 237
1446 351
1447 710
1448 435
1449 410
1450 43
1451 494
1452 388
1453 263
1454 441
1455 612
1456 71
1457 723
1458 946
1459 422
1460 745
1461 857
1462 778
1463 588
1464 441
1465 324
1466 809
1467 983
1468 420
1469 490
1470 308
1471 164
1472 807
1473 567
1474 505
1475 576
1476 294
1477 242
1478 54
1479 810
1480 350
1481 68
1482 71
1483 806
1484 10
1485 149
1486 816
1487 742
1488 745
1489 489
1490 90
1491 180
1492 192
1493 341
1494 268
1495 169
1496 541
1497 557
1498 888
1499 216
1500 557
1501 941
1502 320
1503 534
1504 532
1505 439
1506 429
1507 967
1508 647
1509 179
1510 481
1511 653
1512 946
1513 973
1514 27
1515 395
1516 814
1517 995
1518 593
1519 769
1520 356
1521 431
1522 419
1523 154
1524 713
1525 717
1526 100
1527 709
1528 589
1529 510
1530 472
1531 218
1532 5
1533 64
1534 894
1535 455
1536 256
1537 129
1538 443
1539 317
1540 645
1541 212
1542 724
1543 172
1544 968
1545 120
1546 121
1547 870
1548 985
1549 721
1550 423
1551 872
1552 607
1553 317
1554 352
1555 772
1556 1
1557 970
1558 671
1559 960
1560 302
1561 235
1562 174
1563 522
1564 740
1565 353
1566 876
1567 991
1568 770
1569 949
1570 509
1571 394
1572 190
1573 378
1574 18
1575 750
1576 861
1577 786
1578 174
1579 671
1580 332
1581 418
1582 91
1583 30
1584 905
1585 532
1586 917
1587 890
1588 572
1589 112
1590 706
1591 461
1592 797
1593 270
1594 705
1595 880
1596 460
1597 322
1598 71
1599 851
1600 404
1601 317
1602 625
1603 190
1604 237
1605 897
1606 982
1607 919
1608 34
1609 75
1610 292
1611 597
1612 212
1613 104
1614 737
1615 919
1616 380
1617 464
1618 923
1619 619
1620 755
1621 226
1622 649
1623 266
1624 697
1625 995
1626 655
1627 918
1628 959
1629 685
1630 389
1631 518
1632 759
1633 536
1634 873
1635 5
1636 659
1637 89
1638 502
1639 625
1640 284
1641 623
1642 38
1643 94
1644 56
1645 468
1646 405
1647 507
1648 909
1649 233
1650 626
1651 427
1652 88
1653 988
1654 723
1655 721
1656 19
1657 32
1658 880
1659 430
1660 405
1661 171
1662 854
1663 246
1664 157
1665 391
1666 989
1667 951
1668 931
1669 175
1670 217
1671 348
1672 577
1673 913
1674 592
1675 510
1676 632
1677 689
1678 859
1679 234
1680 583
1681 619
1682 242
1683 59
1684 677
1685 760
1686 599
1687 108
1688 178
1689 239
1690 623
1691 796
1692 719
1693 815
1694 387
1695 466
1696 609
1697 431
1698 577
1699 443
1700 441
1701 736
1702 536
1703 893
1704 192
1705 831
1706 553
1707 84
1708 255
1709 450
1710 454
1711 126
1712 194
1713 166
1714 988
1715 368
1716 795
1717 146
1718 254
1719 957
1720 554
1721 934
1722 811
1723 988
1724 953
1725 91
1726 193
1727 922
1728 679
1729 384
1730 804
1731 229
1732 980
1733 999
1734 571
1735 870
1736 224
1737 685
1738 880
1739 358
1740 204
1741 58
1742 475
1743 888
1744 685
1745 607
1746 303
1747 811
1748 889
1749 901
1750 488
1751 402
1752 656
1753 120
1754 428
1755 11
1756 304
1757 573
1758 577
1759 58
1760 627
1761 935
1762 899
1763 785
1764 334
1765 270
1766 188
1767 354
1768 47
1769 171
1770 952
1771 217
1772 88
1773 981
1774 907
1775 480
1776 311
1777 22
1778 770
1779 667
1780 929
1781 688
1782 438
1783 775
1784 625
1785 662
1786 326
1787 218
1788 394
1789 278
1790 410
1791 280
1792 625
1793 526
1794 449
1795 98
1796 800
1797 446
1798 299
1799 752
1800 808
1801 311
1802 86
1803 862
1804 736
1805 80
1806 584
1807 388
1808 284
1809 426
1810 216
1811 198
1812 547
1813 797
1814 116
1815 927
1816 778
1817 788
1818 618
1819 159
1820 807
1821 531
1822 279
1823 612
1824 553
1825 714
1826 946
1827 830
1828 642
1829 141
1830 577
1831 134
1832 265
1833 632
1834 20
1835 103
1836 926
1837 370
1838 994
1839 323
1840 532
1841 817
1842 6
1843 814
1844 910
1845 786
1846 455
1847 397
1848 448
1849 233
1850 684
1851 29
1852 404
1853 805
1854 851
1855 429
1856 479
1857 605
1858 87
1859 668
1860 160
1861 62
1862 591
1863 135
1864 215
1865 165
1866 422
1867 682
1868 630
1869 299
1870 82
1871 921
1872 386
1873 764
1874 162
1875 683
1876 614
1877 215
1878 626
1879 230
1880 395
1881 249
1882 312
1883 371
1884 680
1885 82
1886 426
1887 788
1888 642
1889 245
1890 19
1891 986
1892 856
1893 145
1894 655
1895 176
1896 680
1897 914
1898 340
1899 111
1900 479
1901 409
1902 109
1903 231
1904 689
1905 716
1906 41
1907 826
1908 877
1909 180
1910 767
1911 532
1912 850
1913 769
1914 329
1915 896
1916 589
1917 826
1918 908
1919 525
1920 573
1921 718
1922 497
1923 329
1924 520
1925 785
1926 922
1927 893
1928 101
1929 335
1930 255
1931 44
1932 667
1933 874
1934 161
1935 405
1936 935
1937 722
1938 379
1939 193
1940 235
1941 970
1942 439
1943 65
1944 501
1945 267
1946 404
1947 754
1948 139
1949 582
1950 287
1951 118
1952 482
1953 201
1954 861
1955 245
1956 643
1957 52
1958 890
1959 836
1960 327
1961 992
1962 90
1963 47
1964 524
1965 894
1966 654
1967 770
1968 656
1969 830
1970 215
1971 245
1972 845
1973 295
1974 627
1975 737
1976 821
1977 327
1978 48
1979 779
1980 394
1981 198
1982 336
1983 38
1984 503
1985 113
1986 651
1987 514
1988 985
1989 389
1990 88
1991 914
1992 460
1993 951
1994 360
1995 190
1996 169
1997 78
1998 233
1999 816
2000 173
2001 744
2002 361
2003 427
2004 719
2005 448
2006 685
2007 880
2008 790
2009 535
2010 172
2011 508
2012 372
2013 194
2014 281
2015 196
2016 875
2017 921
2018 570
2019 617
2020 966
2021 991
2022 433
2023 243
2024 882
2025 40
2026 977
2027 600
2028 146
2029 562
2030 483
2031 631
2032 706
2033 127
2034 225
2035 883
2036 160
2037 530
2038 92
2039 995
2040 645
2041 857
2042 451
2043 299
2044 972
2045 468
2046 354
2047 524
2048 462
2049 985
2050 585
2051 965
2052 588
2053 909
2054 138
2055 847
2056 301
2057 471
2058 331
2059 319
2060 489
2061 677
2062 416
2063 752
2064 515
2065 748
2066 370
2067 932
2068 61
2069 379
2070 555
2071 682
2072 522
2073 151
2074 339
2075 827
2076 391
2077 141
2078 937
2079 527
2080 175
2081 302
2082 778
2083 508
2084 725
2085 304
2086 332
2087 672
2088 79
2089 254
2090 666
2091 40
2092 889
2093 540
2094 952
2095 516
2096 686
2097 810
2098 54
2099 314
2100 104
2101 674
2102 766
2103 877
2104 759
2105 220
2106 222
2107 714
2108 447
2109 212
2110 449
2111 250
2112 169
2113 890
2114 636
2115 886
2116 894
2117 157
2118 203
2119 355
2120 826
2121 309
2122 447
2123 166
2124 560
2125 829
2126 110
2127 814
2128 743
2129 554
2130 791
2131 848
2132 218
2133 27
2134 98
2135 319
2136 325
2137 764
2138 811
2139 584
2140 302
2141 530
2142 232
2143 994
2144 170
2145 666
2146 788
2147 829
2148 517
2149 848
2150 601
2151 751
2152 656
2153 556
2154 156
2155 827
2156 40
2157 899
2158 996
2159 920
2160 588
2161 587
2162 625
2163 645
2164 22
2165 998
2166 525
2167 709
2168 886
2169 485
2170 644
2171 184
2172 66
2173 2
2174 567
2175 254
2176 14
2177 713
2178 779
2179 223
2180 608
2181 525
2182 889
2183 561
2184 169
2185 671
2186 941
2187 351
2188 56
2189 121
2190 216
2191 215
2192 304
2193 864
2194 451
2195 534
2196 719
2197 912
2198 125
2199 270
2200 447
2201 299
2202 907
2203 976
2204 800
2205 385
2206 94
2207 780
2208 874
2209 10
2210 772
2211 807
2212 546
2213 735
2214 108
2215 610
2216 669
2217 448
2218 56
2219 333
2220 51
2221 315
2222 207
2223 739
2224 525
2225 193
2226 834
2227 651
2228 755
2229 72
2230 87
2231 791
2232 642
2233 191
2234 63
2235 531
2236 227
2237 840
2238 270
2239 184
2240 806
2241 370
2242 207
2243 657
2244 580
2245 652
2246 243
2247 893
2248 145
2249 531
2250 795
2251 253
2252 429
2253 285
2254 424
2255 638
2256 457
2257 125
2258 361
2259 85
2260 306
2261 546
2262 17
2263 776
2264 811
2265 317
2266 492
2267 736
2268 183
2269 67
2270 973
2271 443
2272 369
2273 972
2274 907
2275 949
2276 615
2277 524
2278 143
2279 517
2280 163
2281 916
2282 834
2283 610
2284 34
2285 186
2286 535
2287 328
2288 466
2289 189
2290 1
2291 494
2292 360
2293 184
2294 896
2295 245
2296 106
2297 898
2298 9
2299 806
2300 694
2301 381
2302 604
2303 21
2304 464
2305 651
2306 170
2307 177
2308 244
2309 243
2310 672
2311 760
2312 786
2313 637
2314 503
2315 921
2316 995
2317 452
2318 403
2319 433
2320 930
2321 656
2322 721
2323 925
2324 837
2325 246
2326 923
2327 821
2328 103
2329 351
2330 305
2331 985
2332 125
2333 109
2334 556
2335 447
2336 653
2337 953
2338 832
2339 191
2340 345
2341 781
2342 71
2343 813
2344 571
2345 14
2346 655
2347 385
2348 685
2349 610
2350 688
2351 361
2352 715
2353 543
2354 835
2355 911
2356 153
2357 323
2358 125
2359 325
2360 484
2361 923
2362 174
2363 810
2364 526
2365 888
2366 255
2367 328
2368 275
2369 714
2370 320
2371 831
2372 489
2373 670
2374 314
2375 344
2376 447
2377 981
2378 437
2379 289
2380 205
2381 205
2382 227
2383 373
2384 122
2385 111
2386 369
2387 281
2388 471
2389 378
2390 852
2391 83
2392 818
2393 415
2394 57
2395 941
2396 588
2397 382
2398 250
2399 248
2400 981
2401 590
2402 495
2403 181
2404 842
2405 116
2406 277
2407 126
2408 11
2409 96
2410 404
2411 20
2412 236
2413 502
2414 655
2415 516
2416 894
2417 184
2418 525
2419 568
2420 360
2421 464
2422 717
2423 237
2424 362
2425 828
2426 755
2427 933
2428 920
2429 507
2430 189
2431 299
2432 433
2433 722
2434 640
2435 516
2436 763
2437 764
2438 413
2439 562
2440 402
2441 30
2442 402
2443 251
2444 838
2445 704
2446 934
2447 963
2448 406
2449 347
2450 824
2451 375
2452 696
2453 910
2454 261
2455 409
2456 150
2457 467
2458 287
2459 446
2460 86
2461 417
2462 175
2463 798
2464 859
2465 679
2466 36
2467 433
2468 285
2469 539
2470 490
2471 544
2472 562
2473 811
2474 155
2475 25
2476 812
2477 123
2478 720
2479 292
2480 803
2481 665
2482 989
2483 111
2484 272
2485 260
2486 353
2487 728
2488 286
2489 391
2490 480
2491 73
2492 674
2493 554
2494 255
2495 845
2496 193
2497 810
2498 557
2499 252
2500 157
2501 50
2502 710
2503 682
2504 842
2505 826
2506 262
2507 356
2508 434
2509 362
2510 735
2511 702
2512 694
2513 433
2514 202
2515 213
2516 66
2517 228
2518 719
2519 493
2520 578
2521 329
2522 897
2523 148
2524 856
2525 321
2526 36
2527 511
2528 643
2529 654
2530 970
2531 889
2532 695
2533 609
2534 490
2535 876
2536 65
2537 925
2538 865
2539 128
2540 172
2541 695
2542 141
2543 637
2544 991
2545 895
2546 568
2547 526
2548 642
2549 168
2550 366
2551 525
2552 489
2553 861
2554 245
2555 915
2556 324
2557 538
2558 46
2559 777
2560 449
2561 412
2562 818
2563 291
2564 704
2565 141
2566 651
2567 810
2568 576
2569 836
2570 29
2571 330
2572 417
2573 361
2574 633
2575 624
2576 146
2577 882
2578 880
2579 184
2580 413
2581 172
2582 792
2583 407
2584 616
2585 72
2586 919
2587 194
2588 904
2589 252
2590 267
2591 140
2592 383
2593 210
2594 658
2595 615
2596 720
2597 323
2598 460
2599 187
2600 276
2601 462
2602 456
2603 789
2604 747
2605 594
2606 326
2607 404
2608 690
2609 64
2610 888
2611 889
2612 125
2613 329
2614 554
2615 831
2616 601
2617 629
2618 275
2619 797
2620 978
2621 28
2622 672
2623 831
2624 571
2625 857
2626 628
2627 921
2628 788
2629 424
2630 814
2631 578
2632 819
2633 413
2634 0
2635 433
2636 270
2637 162
2638 647
2639 690
2640 898
2641 904
2642 603
2643 882
2644 39
2645 106
2646 921
2647 173
2648 493
2649 803
2650 451
2651 661
2652 600
2653 880
2654 104
2655 902
2656 357
2657 81
2658 274
2659 169
2660 528
2661 71
2662 9
2663 600
2664 632
2665 2
2666 155
2667 771
2668 874
2669 684
2670 697
2671 280
2672 806
2673 383
2674 747
2675 685
2676 764
2677 960
2678 235
2679 860
2680 274
2681 144
2682 525
2683 689
2684 675
2685 147
2686 763
2687 950
2688 534
2689 352
2690 951
2691 169
2692 187
2693 160
2694 92
2695 714
2696 503
2697 353
2698 311
2699 99
2700 857
2701 803
2702 19
2703 768
2704 120
2705 718
2706 460
2707 65
2708 111
2709 387
2710 1000
2711 293
2712 314
2713 314
2714 551
2715 869
2716 341
2717 672
2718 895
2719 255
2720 741
2721 118
2722 324
2723 926
2724 632
2725 395
2726 348
2727 803
2728 864
2729 710
2730 805
2731 280
2732 770
2733 679
2734 381
2735 774
2736 80
2737 639
2738 746
2739 793
2740 144
2741 234
2742 489
2743 707
2744 274
2745 14
2746 144
2747 410
2748 159
2749 368
2750 732
2751 484
2752 104
2753 805
2754 501
2755 389
2756 121
2757 889
2758 20
2759 98
2760 544
2761 341
2762 737
2763 563
2764 621
2765 977
2766 695
2767 842
2768 867
2769 28
2770 616
2771 194
2772 469
2773 636
2774 12
2775 954
2776 337
2777 615
2778 36
2779 988
2780 79
2781 238
2782 288
2783 47
2784 986
2785 547
2786 647
2787 18
2788 876
2789 59
2790 787
2791 589
2792 644
2793 926
2794 626
2795 544
2796 123
2797 603
2798 501
2799 658
2800 141
2801 918
2802 203
2803 820
2804 114
2805 488
2806 622
2807 741
2808 761
2809 741
2810 823
2811 197
2812 522
2813 648
2814 882
2815 16
2816 19
2817 423
2818 103
2819 755
2820 915
2821 666
2822 986
2823 709
2824 536
2825 847
2826 207
2827 553
2828 551
2829 459
2830 408
2831 744
2832 307
2833 240
2834 932
2835 904
2836 550
2837 58
2838 465
2839 244
2840 919
2841 705
2842 196
2843 37
2844 297
2845 590
2846 307
2847 234
2848 663
2849 809
2850 818
2851 616
2852 947
2853 163
2854 916
2855 57
2856 363
2857 875
2858 204
2859 963
2860 333
2861 832
2862 307
2863 840
2864 840
2865 906
2866 861
2867 699
2868 852
2869 901
2870 315
2871 38
2872 788
2873 76
2874 770
2875 173
2876 128
2877 201
2878 304
2879 838
2880 65
2881 346
2882 312
2883 159
2884 784
2885 690
2886 893
2887 364
2888 57
2889 454
2890 237
2891 333
2892 20
2893 50
2894 301
2895 571
2896 585
2897 404
2898 862
2899 308
2900 252
2901 88
2902 241
2903 69
2904 712
2905 997
2906 211
2907 231
2908 749
2909 315
2910 539
2911 423
2912 923
2913 526
2914 115
2915 739
2916 115
2917 150
2918 131
2919 331
2920 331
2921 300
2922 407
2923 44
2924 549
2925 975
2926 784
2927 674
2928 143
2929 930
2930 768
2931 409
2932 533
2933 994
2934 318
2935 356
2936 845
2937 623
2938 831
2939 224
2940 626
2941 679
2942 482
2943 425
2944 213
2945 779
2946 411
2947 970
2948 192
2949 284
2950 895
2951 446
2952 558
2953 986
2954 309
2955 46
2956 55
2957 542
2958 970
2959 728
2960 59
2961 633
2962 99
2963 36
2964 888
2965 522
2966 310
2967 892
2968 402
2969 684
2970 769
2971 81
2972 631
2973 615
2974 211
2975 223
2976 789
2977 874
2978 597
2979 564
2980 116
2981 393
2982 352
2983 99
2984 793
2985 689
2986 174
2987 471
2988 519
2989 260
2990 564
2991 169
2992 32
2993 730
2994 842
2995 213
2996 253
2997 523
2998 608
2999 201
3000 344
3001 51
3002 32
3003 23
3004 31
3005 419
3006 230
3007 644
3008 929
3009 373
3010 806
3011 87
3012 26
3013 346
3014 255
3015 609
3016 151
3017 527
3018 957
3019 443
3020 796
3021 700
3022 608
3023 1000
3024 35
3025 460
3026 452
3027 699
3028 160
3029 778
3030 115
3031 603
3032 472
3033 248
3034 547
3035 151
3036 56
3037 211
3038 215
3039 739
3040 435
3041 740
3042 516
3043 224
3044 129
3045 422
3046 363
3047 998
3048 313
3049 274
3050 974
3051 309
3052 397
3053 406
3054 488
3055 56
3056 727
3057 632
3058 220
3059 732
3060 976
3061 506
3062 705
3063 707
3064 546
3065 594
3066 808
3067 888
3068 379
3069 99
3070 439
3071 749
3072 97
3073 6
3074 721
3075 260
3076 779
3077 501
3078 534
3079 226
3080 38
3081 678
3082 433
3083 871
3084 326
3085 331
3086 184
3087 938
3088 982
3089 928
3090 778
3091 776
3092 913
3093 629
3094 697
3095 11
3096 880
3097 780
3098 643
3099 462
3100 282
3101 882
3102 332
3103 312
3104 866
3105 366
3106 441
3107 59
3108 525
3109 411
3110 28
3111 855
3112 557
3113 439
3114 880
3115 169
3116 959
3117 963
3118 593
3119 308
3120 524
3121 454
3122 708
3123 408
3124 73
3125 195
3126 94
3127 283
3128 577
3129 562
3130 7
3131 915
3132 499
3133 164
3134 323
3135 670
3136 403
3137 56
3138 141
3139 558
3140 464
3141 945
3142 843
3143 515
3144 728
3145 332
3146 786
3147 440
3148 108
3149 386
3150 738
3151 689
3152 682
3153 360
3154 296
3155 625
3156 303
3157 245
3158 979
3159 208
3160 226
3161 900
3162 448
3163 145
3164 889
3165 283
3166 312
3167 950
3168 573
3169 851
3170 414
3171 460
3172 653
3173 306
3174 412
3175 119
3176 252
3177 656
3178 241
3179 869
3180 337
3181 358
3182 775
3183 336
3184 922
3185 611
3186 413
3187 805
3188 20
3189 153
3190 750
3191 754
3192 750
3193 327
3194 64
3195 739
3196 855
3197 321
3198 662
3199 520
3200 715
3201 214
3202 114
3203 180
3204 929
3205 371
3206 582
3207 583
3208 420
3209 351
3210 41
3211 863
3212 799
3213 272
3214 427
3215 177
3216 777
3217 856
3218 463
3219 166
3220 227
3221 750
3222 964
3223 610
3224 642
3225 258
3226 69
3227 833
3228 696
3229 904
3230 599
3231 627
3232 534
3233 144
3234 262
3235 642
3236 551
3237 904
3238 506
3239 336
3240 722
3241 737
3242 994
3243 300
3244 939
3245 982
3246 902
3247 423
3248 954
3249 110
3250 52
3251 43
3252 961
3253 654
3254 8
3255 180
3256 640
3257 77
3258 469
3259 2
3260 76
3261 600
3262 485
3263 648
3264 52
3265 760
3266 274
3267 172
3268 397
3269 720
3270 459
3271 754
3272 218
3273 75
3274 652
3275 740
3276 198
3277 112
3278 2
3279 277
3280 578
3281 117
3282 939
3283 219
3284 505
3285 480
3286 449
3287 864
3288 152
3289 770
3290 235
3291 190
3292 786
3293 527
3294 986
3295 206
3296 317
3297 183
3298 807
3299 515
3300 93
3301 55
3302 876
3303 700
3304 949
3305 134
3306 708
3307 824
3308 287
3309 583
3310 846
3311 414
3312 231
3313 227
3314 28
3315 653
3316 627
3317 209
3318 154
3319 756
3320 788
3321 744
3322 519
3323 270
3324 232
3325 541
3326 380
3327 171
3328 382
3329 524
3330 543
3331 689
3332 83
3333 131
3334 88
3335 669
3336 821
3337 248
3338 221
3339 430
3340 65
3341 446
3342 86
3343 798
3344 297
3345 561
3346 128
3347 867
3348 266
3349 842
3350 135
3351 407
3352 909
3353 496
3354 717
3355 670
3356 602
3357 85
3358 124
3359 50
3360 600
3361 332
3362 619
3363 322
3364 513
3365 59
3366 112
3367 462
3368 518
3369 299
3370 601
3371 498
3372 483
3373 881
3374 423
3375 801
3376 605
3377 875
3378 670
3379 852
3380 399
3381 592
3382 649
3383 649
3384 216
3385 69
3386 553
3387 294
3388 35
3389 932
3390 473
3391 245
3392 285
3393 141
3394 670
3395 21
3396 719
3397 459
3398 469
3399 313
3400 253
3401 243
3402 593
3403 952
3404 307
3405 213
3406 382
3407 975
3408 43
3409 259
3410 2
3411 442
3412 375
3413 264
3414 60
3415 971
3416 420
3417 174
3418 100
3419 767
3420 496
3421 230
3422 694
3423 137
3424 632
3425 122
3426 821
3427 164
3428 304
3429 653
3430 662
3431 177
3432 455
3433 472
3434 886
3435 622
3436 620
3437 239
3438 788
3439 416
3440 530
3441 830
3442 718
3443 76
3444 131
3445 125
3446 946
3447 284
3448 488
3449 634
3450 595
3451 554
3452 679
3453 712
3454 751
3455 188
3456 962
3457 596
3458 330
3459 26
3460 48
3461 188
3462 532
3463 125
3464 792
3465 169
3466 352
3467 887
3468 88
3469 889
3470 459
3471 474
3472 222
3473 882
3474 501
3475 514
3476 61
3477 804
3478 440
3479 930
3480 981
3481 802
3482 912
3483 448
3484 715
3485 846
3486 135
3487 295
3488 687
3489 494
3490 567
3491 552
3492 418
3493 900
3494 369
3495 463
3496 48
3497 333
3498 865
3499 831
3500 122
3501 712
3502 408
3503 542
3504 110
3505 529
3506 48
3507 818
3508 274
3509 891
3510 731
3511 326
3512 311
3513 78
3514 338
3515 346
3516 557
3517 607
3518 592
3519 341
3520 837
3521 814
3522 752
3523 210
3524 263
3525 853
3526 47
3527 416
3528 907
3529 955
3530 220
3531 197
3532 95
3533 974
3534 955
3535 540
3536 446
3537 812
3538 217
3539 719
3540 859
3541 997
3542 657
3543 930
3544 523
3545 3
3546 628
3547 124
3548 919
3549 400
3550 408
3551 399
3552 94
3553 705
3554 492
3555 593
3556 10
3557 434
3558 101
3559 0
3560 261
3561 892
3562 417
3563 257
3564 340
3565 453
3566 400
3567 126
3568 47
3569 497
3570 470
3571 710
3572 819
3573 594
3574 197
3575 643
3576 402
3577 949
3578 184
3579 640
3580 817
3581 903
3582 701
3583 51
3584 754
3585 397
3586 650
3587 883
3588 90
3589 645
3590 559
3591 998
3592 361
3593 524
3594 879
3595 854
3596 656
3597 373
3598 401
3599 205
3600 280
3601 575
3602 584
3603 989
3604 696
3605 664
3606 642
3607 324
3608 569
3609 432
3610 24
3611 34
3612 412
3613 275
3614 437
3615 61
3616 539
3617 183
3618 474
3619 592
3620 405
3621 14
3622 47
3623 191
3624 686
3625 484
3626 376
3627 554
3628 408
3629 845
3630 380
3631 725
3632 726
3633 945
3634 157
3635 806
3636 258
3637 91
3638 502
3639 507
3640 468
3641 393
3642 398
3643 775
3644 207
3645 792
3646 581
3647 675
3648 465
3649 31
3650 818
3651 962
3652 54
3653 696
3654 774
3655 594
3656 340
3657 671
3658 360
3659 438
3660 826
3661 975
3662 638
3663 63
3664 247
3665 799
3666 908
3667 479
3668 700
3669 852
3670 695
3671 224
3672 691
3673 460
3674 433
3675 100
3676 434
3677 440
3678 990
3679 373
3680 107
3681 968
3682 973
3683 500
3684 889
3685 767
3686 401
3687 389
3688 74
3689 896
3690 868
3691 709
3692 822
3693 692
3694 134
3695 712
3696 759
3697 779
3698 665
3699 506
3700 400
3701 194
3702 435
3703 931
3704 16
3705 95
3706 43
3707 519
3708 290
3709 83
3710 605
3711 261
3712 353
3713 221
3714 21
3715 290
3716 788
3717 447
3718 640
3719 320
3720 478
3721 558
3722 362
3723 785
3724 348
3725 50
3726 87
3727 792
3728 744
3729 637
3730 924
3731 49
3732 271
3733 184
3734 248
3735 474
3736 993
3737 164
3738 692
3739 126
3740 732
3741 369
3742 796
3743 895
3744 418
3745 13
3746 804
3747 428
3748 995
3749 756
3750 121
3751 496
3752 753
3753 437
3754 527
3755 746
3756 769
3757 53
3758 263
3759 71
3760 839
3761 50
3762 893
3763 343
3764 520
3765 794
3766 675
3767 66
3768 751
3769 497
3770 657
3771 69
3772 562
3773 145
3774 960
3775 561
3776 883
3777 832
3778 573
3779 469
3780 470
3781 173
3782 120
3783 184
3784 226
3785 171
3786 245
3787 126
3788 656
3789 449
3790 823
3791 43
3792 156
3793 52
3794 576
3795 949
3796 583
3797 716
3798 497
3799 979
3800 147
3801 672
3802 529
3803 189
3804 162
3805 240
3806 438
3807 556
3808 218
3809 313
3810 302
3811 128
3812 397
3813 44
3814 104
3815 52
3816 693
3817 828
3818 229
3819 980
3820 458
3821 461
3822 43
3823 919
3824 905
3825 594
3826 954
3827 453
3828 727
3829 298
3830 762
3831 211
3832 877
3833 826
3834 4
3835 153
3836 76
3837 806
3838 96
3839 149
3840 859
3841 36
3842 633
3843 238
3844 931
3845 792
3846 491
3847 261
3848 805
3849 95
3850 498
3851 444
3852 519
3853 845
3854 574
3855 383
3856 645
3857 202
3858 926
3859 10
3860 802
3861 758
3862 732
3863 536
3864 408
3865 292
3866 976
3867 517
3868 695
3869 83
3870 51
3871 315
3872 919
3873 528
3874 774
3875 335
3876 374
3877 534
3878 886
3879 585
3880 623
3881 947
3882 936
3883 869
3884 978
3885 954
3886 394
3887 564
3888 289
3889 567
3890 327
3891 803
3892 681
3893 424
3894 844
3895 11
3896 564
3897 289
3898 149
3899 980
3900 918
3901 463
3902 8
3903 870
3904 882
3905 210
3906 785
3907 412
3908 685
3909 902
3910 743
3911 800
3912 761
3913 814
3914 497
3915 584
3916 551
3917 579
3918 120
3919 983
3920 100
3921 695
3922 247
3923 788
3924 849
3925 422
3926 16
3927 317
3928 836
3929 250
3930 279
3931 324
3932 332
3933 970
3934 384
3935 603
3936 745
3937 596
3938 408
3939 961
3940 343
3941 961
3942 888
3943 364
3944 251
3945 307
3946 13
3947 995
3948 885
3949 243
3950 602
3951 649
3952 800
3953 299
3954 108
3955 991
3956 861
3957 167
3958 955
3959 76
3960 352
3961 968
3962 927
3963 763
3964 304
3965 147
3966 19
3967 900
3968 766
3969 43
3970 487
3971 570
3972 749
3973 442
3974 166
3975 988
3976 538
3977 437
3978 290
3979 833
3980 372
3981 22
3982 916
3983 874
3984 896
3985 302
3986 656
3987 473
3988 479
3989 202
3990 149
3991 583
3992 254
3993 180
3994 281
3995 786
3996 919
3997 174
3998 956
3999 281
4000 786
4001 930
4002 635
4003 177
4004 993
4005 108
4006 552
4007 435
4008 917
4009 668
4010 542
4011 558
4012 224
4013 612
4014 211
4015 332
4016 429
4017 63
4018 273
4019 817
4020 535
4021 107
4022 963
4023 995
4024 957
4025 967
4026 322
4027 655
4028 761
4029 854
4030 483
4031 678
4032 716
4033 665
4034 624
4035 553
4036 829
4037 591
4038 956
4039 208
4040 636
4041 430
4042 877
4043 853
4044 150
4045 85
4046 465
4047 763
4048 886
4049 406
4050 490
4051 736
4052 815
4053 328
4054 106
4055 128
4056 492
4057 763
4058 440
4059 439
4060 72
4061 840
4062 685
4063 361
4064 485
4065 690
4066 65
4067 318
4068 979
4069 116
4070 54
4071 413
4072 760
4073 333
4074 691
4075 254
4076 490
4077 161
4078 603
4079 742
4080 551
4081 243
4082 536
4083 633
4084 779
4085 563
4086 29
4087 630
4088 112
4089 342
4090 422
4091 295
4092 978
4093 870
4094 201
4095 906
4096 570
4097 467
4098 375
4099 626
4100 9
4101 945
4102 781
4103 254
4104 739
4105 305
4106 942
4107 136
4108 3
4109 594
4110 953
4111 545
4112 260
4113 442
4114 295
4115 184
4116 147
4117 846
4118 31
4119 875
4120 496
4121 278
4122 788
4123 481
4124 931
4125 95
4126 285
4127 350
4128 387
4129 197
4130 203
4131 863
4132 650
4133 568
4134 470
4135 44
4136 972
4137 208
4138 530
4139 368
4140 755
4141 686
4142 685
4143 357
4144 561
4145 216
4146 757
4147 509
4148 447
4149 419
4150 846
4151 699
4152 411
4153 538
4154 754
4155 271
4156 319
4157 409
4158 821
4159 614
4160 953
4161 997
4162 686
4163 636
4164 147
4165 143
4166 837
4167 464
4168 37
4169 131
4170 954
4171 204
4172 752
4173 953
4174 754
4175 951
4176 172
4177 185
4178 814
4179 500
4180 873
4181 768
4182 475
4183 848
4184 396
4185 835
4186 441
4187 36
4188 329
4189 597
4190 617
4191 858
4192 519
4193 995
4194 227
4195 394
4196 799
4197 756
4198 185
4199 35
4200 787
4201 827
4202 858
4203 996
4204 405
4205 592
4206 1000
4207 366
4208 668
4209 319
4210 300
4211 185
4212 237
4213 222
4214 559
4215 366
4216 127
4217 671
4218 693
4219 869
4220 990
4221 947
4222 886
4223 48
4224 433
4225 299
4226 796
4227 740
4228 327
4229 297
4230 321
4231 206
4232 592
4233 974
4234 814
4235 770
4236 825
4237 540
4238 299
4239 470
4240 253
4241 763
4242 910
4243 373
4244 358
4245 465
4246 380
4247 87
4248 716
4249 35
4250 963
4251 828
4252 415
4253 81
4254 556
4255 370
4256 121
4257 190
4258 468
4259 442
4260 217
4261 655
4262 409
4263 703
4264 565
4265 259
4266 445
4267 912
4268 121
4269 540
4270 460
4271 405
4272 697
4273 764
4274 325
4275 351
4276 692
4277 284
4278 947
4279 848
4280 770
4281 419
4282 19
4283 880
4284 881
4285 221
4286 881
4287 477
4288 370
4289 788
4290 790
4291 374
4292 811
4293 39
4294 900
4295 66
4296 878
4297 673
4298 998
4299 414
4300 828
4301 893
4302 952
4303 171
4304 289
4305 427
4306 876
4307 403
4308 837
4309 365
4310 922
4311 807
4312 129
4313 149
4314 129
4315 473
4316 336
4317 167
4318 532
4319 333
4320 763
4321 651
4322 240
4323 44
4324 816
4325 728
4326 240
4327 275
4328 578
4329 169
4330 430
4331 170
4332 379
4333 765
4334 67
4335 159
4336 277
4337 437
4338 817
4339 232
4340 31
4341 707
4342 510
4343 784
4344 876
4345 488
4346 975
4347 448
4348 265
4349 405
4350 788
4351 602
4352 494
4353 909
4354 126
4355 16
4356 411
4357 359
4358 431
4359 603
4360 538
4361 429
4362 907
4363 625
4364 791
4365 106
4366 124
4367 190
4368 74
4369 501
4370 715
4371 122
4372 294
4373 629
4374 712
4375 372
4376 730
4377 888
4378 763
4379 174
4380 707
4381 6
4382 762
4383 839
4384 99
4385 669
4386 425
4387 940
4388 449
4389 911
4390 855
4391 144
4392 625
4393 961
4394 473
4395 60
4396 791
4397 299
4398 254
4399 340
4400 745
4401 93
4402 780
4403 676
4404 843
4405 119
4406 210
4407 284
4408 665
4409 102
4410 225
4411 833
4412 696
4413 878
4414 155
4415 488
4416 552
4417 139
4418 898
4419 932
4420 616
4421 446
4422 722
4423 73
4424 111
4425 529
4426 730
4427 567
4428 477
4429 904
4430 971
4431 633
4432 181
4433 659
4434 793
4435 861
4436 816
4437 862
4438 658
4439 538
4440 574
4441 156
4442 520
4443 280
4444 264
4445 267
4446 884
4447 328
4448 672
4449 476
4450 731
4451 997
4452 274
4453 496
4454 80
4455 356
4456 606
4457 488
4458 869
4459 52
4460 875
4461 628
4462 765
4463 846
4464 146
4465 94
4466 645
4467 95
4468 551
4469 930
4470 125
4471 116
4472 958
4473 462
4474 789
4475 439
4476 978
4477 46
4478 212
4479 947
4480 929
4481 988
4482 544
4483 92
4484 198
4485 259
4486 250
4487 952
4488 835
4489 714
4490 296
4491 659
4492 263
4493 62
4494 316
4495 452
4496 581
4497 550
4498 82
4499 808
4500 899
4501 311
4502 651
4503 927
4504 405
4505 131
4506 970
4507 812
4508 36
4509 621
4510 918
4511 592
4512 219
4513 42
4514 691
4515 10
4516 689
4517 687
4518 882
4519 757
4520 93
4521 324
4522 784
4523 513
4524 49
4525 533
4526 137
4527 309
4528 346
4529 907
4530 553
4531 115
4532 323
4533 975
4534 613
4535 527
4536 22
4537 887
4538 257
4539 891
4540 856
4541 902
4542 999
4543 70
4544 778
4545 237
4546 911
4547 411
4548 190
4549 564
4550 145
4551 302
4552 248
4553 582
4554 503
4555 26
4556 503
4557 590
4558 798
4559 385
4560 946
4561 28
4562 742
4563 390
4564 867
4565 720
4566 522
4567 782
4568 668
4569 713
4570 343
4571 378
4572 437
4573 170
4574 863
4575 696
4576 628
4577 188
4578 131
4579 58
4580 119
4581 80
4582 980
4583 955
4584 833
4585 63
4586 146
4587 767
4588 564
4589 531
4590 19
4591 521
4592 742
4593 621
4594 942
4595 795
4596 209
4597 957
4598 716
4599 463
4600 789
4601 283
4602 759
4603 680
4604 269
4605 726
4606 708
4607 936
4608 553
4609 232
4610 401
4611 783
4612 569
4613 29
4614 925
4615 520
4616 561
4617 499
4618 928
4619 382
4620 858
4621 362
4622 978
4623 855
4624 442
4625 292
4626 782
4627 851
4628 475
4629 8
4630 520
4631 819
4632 369
4633 639
4634 166
4635 493
4636 782
4637 409
4638 606
4639 218
4640 94
4641 944
4642 171
4643 749
4644 688
4645 507
4646 735
4647 386
4648 585
4649 181
4650 998
4651 884
4652 733
4653 887
4654 168
4655 579
4656 517
4657 338
4658 556
4659 14
4660 417
4661 528
4662 480
4663 173
4664 918
4665 640
4666 569
4667 894
4668 343
4669 757
4670 661
4671 378
4672 512
4673 774
4674 599
4675 351
4676 218
4677 871
4678 528
4679 84
4680 911
4681 913
4682 788
4683 588
4684 18
4685 649
4686 820
4687 107
4688 386
4689 651
4690 190
4691 903
4692 879
4693 156
4694 54
4695 577
4696 341
4697 716
4698 488
4699 632
4700 33
4701 258
4702 328
4703 72
4704 927
4705 333
4706 710
4707 576
4708 544
4709 559
4710 29
4711 403
4712 652
4713 211
4714 552
4715 495
4716 624
4717 102
4718 387
4719 456
4720 674
4721 919
4722 980
4723 22
4724 45
4725 188
4726 57
4727 75
4728 242
4729 522
4730 126
4731 402
4732 491
4733 655
4734 598
4735 757
4736 421
4737 60
4738 381
4739 107
4740 221
4741 787
4742 394
4743 682
4744 218
4745 979
4746 991
4747 566
4748 465
4749 49
4750 799
4751 452
4752 364
4753 544
4754 373
4755 183
4756 236
4757 524
4758 389
4759 116
4760 26
4761 522
4762 952
4763 170
4764 319
4765 627
4766 904
4767 290
4768 796
4769 537
4770 464
4771 552
4772 278
4773 609
4774 71
4775 298
4776 854
4777 209
4778 869
4779 346
4780 600
4781 30
4782 176
4783 625
4784 944
4785 858
4786 377
4787 978
4788 142
4789 419
4790 465
4791 266
4792 286
4793 265
4794 138
4795 119
4796 648
4797 798
4798 10
4799 57
4800 134
4801 255
4802 37
4803 218
4804 908
4805 399
4806 431
4807 298
4808 81
4809 541
4810 267
4811 510
4812 603
4813 862
4814 475
4815 498
4816 71
4817 809
4818 205
4819 453
4820 877
4821 723
4822 315
4823 495
4824 514
4825 353
4826 387
4827 609
4828 47
4829 591